%YAML:1.0
---
hand_right_0: !!opencv-matrix
   rows: 2
   cols: 21
   dt: "3f"
   data: [ 2.68711548e+02, 2.51897476e+02, 1.94025841e-02,
       2.72631866e+02, 2.54434158e+02, 1.74098406e-02, 2.81625519e+02,
       2.56740234e+02, 2.18881927e-02, 2.81394928e+02, 2.56970825e+02,
       1.07024275e-02, 2.71248230e+02, 2.49822006e+02, 7.15617230e-03,
       2.86698883e+02, 2.58354462e+02, 9.67293233e-03, 2.78858246e+02,
       2.77494843e+02, 7.46027846e-03, 2.77935822e+02, 2.60199341e+02,
       7.57131912e-03, 2.62715759e+02, 2.62505402e+02, 5.75210527e-03,
       2.79088867e+02, 2.78186676e+02, 7.44678127e-03, 2.79319458e+02,
       2.66886932e+02, 6.26288960e-03, 2.80011292e+02, 2.68731781e+02,
       5.60525432e-03, 2.60870911e+02, 2.61352356e+02, 3.97201208e-03,
       2.78627655e+02, 2.77956055e+02, 7.73300137e-03, 2.79780670e+02,
       2.67578766e+02, 8.29887856e-03, 2.80241882e+02, 2.68501190e+02,
       8.34792014e-03, 2.71940033e+02, 2.80031525e+02, 5.52922999e-03,
       2.77243988e+02, 2.76803040e+02, 1.56534445e-02, 2.77013397e+02,
       2.77033630e+02, 1.09372875e-02, 2.77474609e+02, 2.77033630e+02,
       6.79991627e-03, 2.72401245e+02, 2.75419403e+02, 5.93162421e-03,
       0., 0., 0., 0., 0., 0., 0., 0., 0., 0., 0., 0., 0., 0., 0., 0.,
       0., 0., 0., 0., 0., 0., 0., 0., 0., 0., 0., 0., 0., 0., 0., 0.,
       0., 0., 0., 0., 0., 0., 0., 0., 0., 0., 0., 0., 0., 0., 0., 0.,
       0., 0., 0., 0., 0., 0., 0., 0., 0., 0., 0., 0., 0., 0., 0. ]
