%YAML:1.0
---
hand_left_0: !!opencv-matrix
   rows: 1
   cols: 21
   dt: "3f"
   data: [ 2.99307159e+02, 6.10002258e+02, 3.09306026e-01,
       3.12861847e+02, 6.01530579e+02, 2.62082189e-01, 3.19639160e+02,
       5.87975952e+02, 1.66638508e-01, 3.15403320e+02, 5.87975952e+02,
       7.94071034e-02, 2.96765656e+02, 5.67643921e+02, 5.57526574e-02,
       2.86599670e+02, 5.54089233e+02, 6.24126971e-01, 2.73044983e+02,
       5.26979919e+02, 6.71052992e-01, 2.56101654e+02, 5.06647919e+02,
       6.94215298e-01, 2.41699814e+02, 4.93093231e+02, 5.45924842e-01,
       2.72197815e+02, 5.55783569e+02, 7.35656023e-01, 2.57795990e+02,
       5.28674255e+02, 7.03122735e-01, 2.32380981e+02, 5.01564911e+02,
       5.90503216e-01, 2.12896149e+02, 4.86315918e+02, 4.71766293e-01,
       2.60337494e+02, 5.61713745e+02, 7.09614992e-01, 2.45935654e+02,
       5.36298767e+02, 4.95618165e-01, 2.23909317e+02, 5.11730927e+02,
       5.72416663e-01, 2.06118805e+02, 4.92246063e+02, 5.14812529e-01,
       2.45935654e+02, 5.69338257e+02, 6.35177493e-01, 2.34075317e+02,
       5.48159119e+02, 5.95076084e-01, 2.21367813e+02, 5.33757263e+02,
       5.97949147e-01, 2.09507477e+02, 5.26132751e+02, 5.46118855e-01 ]
