%YAML:1.0
---
hand_right_0: !!opencv-matrix
   rows: 7
   cols: 21
   dt: "3f"
   data: [ 0., 0., 0., 0., 0., 0., 0., 0., 0., 0., 0., 0., 0., 0., 0.,
       0., 0., 0., 0., 0., 0., 0., 0., 0., 0., 0., 0., 0., 0., 0., 0.,
       0., 0., 0., 0., 0., 0., 0., 0., 0., 0., 0., 0., 0., 0., 0., 0.,
       0., 0., 0., 0., 0., 0., 0., 0., 0., 0., 0., 0., 0., 0., 0., 0.,
       2.91793701e+02, 4.11926849e+02, 3.32055986e-02, 2.83758179e+02,
       4.08030853e+02, 3.65654454e-02, 2.90089203e+02, 4.25319366e+02,
       2.70599686e-02, 2.84975677e+02, 4.33111359e+02, 1.62167158e-02,
       2.82540680e+02, 3.76862823e+02, 1.38509376e-02, 2.85462677e+02,
       4.28484863e+02, 5.53124063e-02, 2.84488678e+02, 4.32624359e+02,
       4.23327535e-02, 2.82053680e+02, 4.33598358e+02, 6.32475019e-02,
       2.61599670e+02, 4.27510864e+02, 3.70002203e-02, 2.82784180e+02,
       4.28728363e+02, 7.08672106e-02, 2.76940186e+02, 4.29702362e+02,
       6.97345138e-02, 2.75722687e+02, 4.33111359e+02, 4.69491631e-02,
       2.75479187e+02, 4.34572388e+02, 2.54437048e-02, 2.80105682e+02,
       4.25075867e+02, 7.47535676e-02, 2.73287689e+02, 4.28728363e+02,
       1.17194399e-01, 2.72313690e+02, 4.31893860e+02, 4.72304337e-02,
       2.63060669e+02, 4.29945862e+02, 2.80754045e-02, 2.77914185e+02,
       4.22640869e+02, 9.55791473e-02, 2.70609161e+02, 4.26536865e+02,
       8.03831443e-02, 2.66956665e+02, 4.27510864e+02, 7.95279518e-02,
       2.65008667e+02, 4.29215363e+02, 3.37511003e-02, 1.69128250e+02,
       3.29595123e+02, 2.02258259e-01, 1.69128250e+02, 3.21678741e+02,
       2.69511104e-01, 1.69568054e+02, 3.12223022e+02, 1.80537283e-01,
       1.76384949e+02, 3.07825043e+02, 2.05645710e-01, 1.81442657e+02,
       3.08924530e+02, 1.01792559e-01, 1.68688461e+02, 3.06505615e+02,
       6.22432232e-01, 1.78583954e+02, 2.98149445e+02, 4.44987863e-01,
       1.81882446e+02, 2.99468842e+02, 1.54115260e-01, 1.79463547e+02,
       3.12223022e+02, 1.03843443e-01, 1.70667557e+02, 3.10024017e+02,
       5.46302974e-01, 1.83861557e+02, 3.07385223e+02, 5.10287464e-01,
       1.82981949e+02, 3.12882721e+02, 4.15554255e-01, 1.79463547e+02,
       3.14422028e+02, 3.99340093e-01, 1.72426758e+02, 3.13982239e+02,
       6.62390828e-01, 1.84521255e+02, 3.12442932e+02, 6.80104315e-01,
       1.82542160e+02, 3.17500641e+02, 4.62468147e-01, 1.79463547e+02,
       3.18160339e+02, 4.59020138e-01, 1.74405853e+02, 3.19039917e+02,
       6.15853310e-01, 1.83861557e+02, 3.17940430e+02, 6.40881896e-01,
       1.82322250e+02, 3.21019043e+02, 5.40388346e-01, 1.79463547e+02,
       3.22118530e+02, 4.68384713e-01, 4.77003235e+02, 5.14310486e+02,
       1.86270736e-02, 4.77548859e+02, 4.98487701e+02, 1.39154904e-02,
       4.79094757e+02, 4.98578644e+02, 2.00984739e-02, 4.71365234e+02,
       5.07217529e+02, 1.17960414e-02, 4.71183380e+02, 5.08126862e+02,
       5.53860050e-03, 4.79640350e+02, 4.99215179e+02, 9.33877099e-03,
       4.71274292e+02, 5.07217529e+02, 1.14623699e-02, 4.71365234e+02,
       5.07308441e+02, 8.17778800e-03, 4.77366974e+02, 5.00761108e+02,
       3.56668187e-03, 4.79094757e+02, 4.99306122e+02, 6.36020582e-03,
       4.68364380e+02, 5.07763123e+02, 1.02477903e-02, 4.64817871e+02,
       5.09854645e+02, 5.75299934e-03, 4.64363220e+02, 5.06490021e+02,
       2.62368028e-03, 4.79003815e+02, 4.99215179e+02, 6.49121823e-03,
       4.67818756e+02, 5.08126862e+02, 9.87657905e-03, 4.64908813e+02,
       5.09309021e+02, 8.46676622e-03, 4.64908813e+02, 5.09036224e+02,
       5.82375610e-03, 4.79094757e+02, 4.98578644e+02, 1.16644083e-02,
       4.64454132e+02, 5.09127167e+02, 1.07438136e-02, 4.67182220e+02,
       5.12128052e+02, 9.32918862e-03, 4.64817871e+02, 5.08854340e+02,
       6.49962341e-03, 2.41507553e+02, 4.03276794e+02, 1.78583115e-02,
       2.40932205e+02, 4.11906952e+02, 5.15738726e-02, 2.49274704e+02,
       4.18523438e+02, 4.18988429e-02, 2.34315750e+02, 4.29454956e+02,
       4.47627231e-02, 2.59055542e+02, 4.27153595e+02, 2.00807601e-02,
       2.46973328e+02, 4.17660400e+02, 4.32549119e-02, 2.59343231e+02,
       4.26865906e+02, 4.28351313e-02, 2.31726700e+02, 4.29454956e+02,
       4.41118293e-02, 2.40644531e+02, 4.35496063e+02, 1.53805437e-02,
       2.44096603e+02, 4.18523438e+02, 2.33798865e-02, 2.58767883e+02,
       4.28304260e+02, 3.35475467e-02, 2.59055542e+02, 4.28879608e+02,
       4.09385897e-02, 2.59630890e+02, 4.32044006e+02, 1.81510299e-02,
       2.46973328e+02, 4.19674103e+02, 2.02437062e-02, 2.61069244e+02,
       4.28591949e+02, 4.08866443e-02, 2.61932281e+02, 4.31181000e+02,
       3.93231176e-02, 2.61069244e+02, 4.33482361e+02, 2.42788810e-02,
       2.67973389e+02, 4.28879608e+02, 2.70578153e-02, 2.64521332e+02,
       4.28591949e+02, 3.07045933e-02, 2.64808990e+02, 4.30030304e+02,
       4.23172489e-02, 2.63945984e+02, 4.31181000e+02, 2.37522367e-02,
       0., 0., 0., 0., 0., 0., 0., 0., 0., 0., 0., 0., 0., 0., 0., 0.,
       0., 0., 0., 0., 0., 0., 0., 0., 0., 0., 0., 0., 0., 0., 0., 0.,
       0., 0., 0., 0., 0., 0., 0., 0., 0., 0., 0., 0., 0., 0., 0., 0.,
       0., 0., 0., 0., 0., 0., 0., 0., 0., 0., 0., 0., 0., 0., 0., 0.,
       0., 0., 0., 0., 0., 0., 0., 0., 0., 0., 0., 0., 0., 0., 0., 0.,
       0., 0., 0., 0., 0., 0., 0., 0., 0., 0., 0., 0., 0., 0., 0., 0.,
       0., 0., 0., 0., 0., 0., 0., 0., 0., 0., 0., 0., 0., 0., 0., 0.,
       0., 0., 0., 0., 0., 0., 0., 0., 0., 0., 0., 0., 0., 0. ]
