%YAML:1.0
---
hand_right_0: !!opencv-matrix
   rows: 4
   cols: 21
   dt: "3f"
   data: [ 0., 0., 0., 0., 0., 0., 0., 0., 0., 0., 0., 0., 0., 0., 0.,
       0., 0., 0., 0., 0., 0., 0., 0., 0., 0., 0., 0., 0., 0., 0., 0.,
       0., 0., 0., 0., 0., 0., 0., 0., 0., 0., 0., 0., 0., 0., 0., 0.,
       0., 0., 0., 0., 0., 0., 0., 0., 0., 0., 0., 0., 0., 0., 0., 0.,
       4.44441895e+02, 4.29928772e+02, 3.14924605e-02, 4.38982086e+02,
       4.03312195e+02, 2.45339200e-02, 4.33249298e+02, 4.04813660e+02,
       4.32929918e-02, 4.33522278e+02, 4.10000488e+02, 4.50691320e-02,
       4.30519409e+02, 4.15187286e+02, 1.24205854e-02, 4.32293823e+02,
       4.16279266e+02, 3.93959522e-01, 4.32157349e+02, 4.14504822e+02,
       4.50039320e-02, 4.42394470e+02, 4.13003357e+02, 2.09150035e-02,
       4.43213440e+02, 4.13685852e+02, 1.10746436e-02, 4.35160248e+02,
       4.20374115e+02, 4.04106319e-01, 4.35842712e+02, 4.17917206e+02,
       6.93997741e-02, 4.42803955e+02, 4.13958832e+02, 2.29106396e-02,
       4.42940460e+02, 4.15187286e+02, 1.13480967e-02, 4.39118591e+02,
       4.23922974e+02, 3.82820994e-01, 4.41848511e+02, 4.18599670e+02,
       4.41989005e-02, 4.44305420e+02, 4.16825226e+02, 2.10627317e-02,
       4.44441895e+02, 4.16552246e+02, 1.78089142e-02, 4.44578400e+02,
       4.25697418e+02, 1.80731043e-01, 4.43349945e+02, 4.22285034e+02,
       2.31544338e-02, 4.46489349e+02, 4.17644196e+02, 1.93009377e-02,
       4.44851410e+02, 4.17371216e+02, 1.36356754e-02, 8.99455719e+01,
       5.24813843e+02, 2.58663148e-02, 8.81422958e+01, 5.32778320e+02,
       2.99732126e-02, 9.62570190e+01, 5.46152588e+02, 4.68699448e-02,
       8.43854828e+01, 5.45852051e+02, 3.37455533e-02, 8.28827515e+01,
       5.49308289e+02, 2.45466661e-02, 9.49045639e+01, 5.47505066e+02,
       2.05590259e-02, 8.64892960e+01, 5.47354797e+02, 2.76954453e-02,
       8.46860275e+01, 5.47955872e+02, 3.04562747e-02, 8.19811172e+01,
       5.50360229e+02, 2.05206499e-02, 9.02461166e+01, 5.49158020e+02,
       1.98176205e-02, 8.76914825e+01, 5.49158020e+02, 2.12526377e-02,
       8.13800278e+01, 5.53666199e+02, 2.85148900e-02, 8.21313934e+01,
       5.54117065e+02, 1.88705008e-02, 9.02461166e+01, 5.52914856e+02,
       2.24353820e-02, 8.34838486e+01, 5.53666199e+02, 1.78067554e-02,
       8.09292068e+01, 5.53816467e+02, 1.75659768e-02, 8.22816620e+01,
       5.56070557e+02, 2.00481843e-02, 8.91942062e+01, 5.54417603e+02,
       1.76125113e-02, 9.59564743e+01, 5.46453125e+02, 9.96864401e-03,
       7.88253937e+01, 5.54567871e+02, 1.29726492e-02, 8.04783936e+01,
       5.53816467e+02, 9.85608622e-03, 2.37345566e+02, 4.69553589e+02,
       3.80649455e-02, 2.39171295e+02, 4.86390869e+02, 1.76925566e-02,
       2.47285645e+02, 4.77667938e+02, 2.17056721e-02, 2.46677063e+02,
       4.77870789e+02, 9.82895587e-03, 2.38562714e+02, 4.87405151e+02,
       6.00134581e-03, 2.60065765e+02, 4.97142395e+02, 1.40202343e-02,
       2.57022858e+02, 4.93490936e+02, 1.29356310e-02, 2.58442871e+02,
       4.95316650e+02, 1.07437149e-02, 2.54385712e+02, 4.95722382e+02,
       6.35366142e-03, 2.58645752e+02, 4.97142395e+02, 9.95291863e-03,
       2.59862885e+02, 4.98968109e+02, 1.04201054e-02, 2.59862885e+02,
       4.98156677e+02, 1.12077734e-02, 2.55197144e+02, 4.96128082e+02,
       3.83356516e-03, 2.58240021e+02, 4.97345245e+02, 9.35225282e-03,
       2.59457184e+02, 4.99576691e+02, 9.72751342e-03, 2.58442871e+02,
       4.97142395e+02, 7.62375072e-03, 2.56820007e+02, 5.02416718e+02,
       4.29842807e-03, 2.57834320e+02, 4.97750977e+02, 9.72136017e-03,
       2.58240021e+02, 4.97953827e+02, 8.27423017e-03, 2.43634186e+02,
       4.78276520e+02, 1.32842939e-02, 2.42011322e+02, 4.78682220e+02,
       6.76984806e-03 ]
