%YAML:1.0
---
face_0: !!opencv-matrix
   rows: 2
   cols: 70
   dt: "3f"
   data: [ 3.71989044e+02, 1.86899811e+02, 2.46776611e-01,
       3.72626221e+02, 1.88429062e+02, 1.89790890e-01, 3.74155487e+02,
       1.90213181e+02, 1.92840427e-01, 3.75174988e+02, 1.91869873e+02,
       9.66059417e-02, 3.70969543e+02, 1.89703445e+02, 3.75135206e-02,
       3.92379028e+02, 1.91105255e+02, 8.15227441e-03, 3.83840729e+02,
       1.94800934e+02, 3.57328579e-02, 3.83203552e+02, 1.94036316e+02,
       8.65198672e-03, 3.83076111e+02, 1.94036316e+02, 5.14351064e-03,
       3.74028046e+02, 1.89830872e+02, 1.50999865e-02, 3.81164551e+02,
       1.93908875e+02, 5.65536879e-03, 3.73390869e+02, 1.89576004e+02,
       4.50380668e-02, 3.82948669e+02, 1.93908875e+02, 1.21606320e-01,
       3.96584473e+02, 1.80910248e+02, 8.15356299e-02, 3.96202179e+02,
       1.81292572e+02, 8.36198926e-02, 3.94035736e+02, 1.77724319e+02,
       1.46718279e-01, 3.90340027e+02, 1.72754257e+02, 9.51303765e-02,
       3.71096985e+02, 1.83459000e+02, 6.09440684e-01, 3.70969543e+02,
       1.81802322e+02, 6.51740074e-01, 3.71351868e+02, 1.80018188e+02,
       7.18569994e-01, 3.72371368e+02, 1.78616379e+02, 7.62311697e-01,
       3.74028046e+02, 1.77724319e+02, 7.36249208e-01, 3.76704224e+02,
       1.75303009e+02, 8.13180804e-01, 3.78106049e+02, 1.73518875e+02,
       8.90455067e-01, 3.80145050e+02, 1.72499374e+02, 8.15290928e-01,
       3.81929169e+02, 1.71862198e+02, 5.70261121e-01, 3.83840729e+02,
       1.71734756e+02, 4.15329516e-01, 3.76321930e+02, 1.78234070e+02,
       7.72795856e-01, 3.77086548e+02, 1.79763321e+02, 8.67657721e-01,
       3.77978607e+02, 1.81037689e+02, 7.60028541e-01, 3.78233490e+02,
       1.82694382e+02, 7.52592146e-01, 3.78743225e+02, 1.84860809e+02,
       5.71869493e-01, 3.79252991e+02, 1.84605942e+02, 4.91260886e-01,
       3.79762726e+02, 1.84223633e+02, 5.17977357e-01, 3.80399933e+02,
       1.83841309e+02, 5.63105762e-01, 3.81164551e+02, 1.83204132e+02,
       5.63374102e-01, 3.73008545e+02, 1.82821808e+02, 7.26549089e-01,
       3.73135986e+02, 1.81929749e+02, 7.03451633e-01, 3.73773163e+02,
       1.81165131e+02, 5.59970379e-01, 3.74282928e+02, 1.80527939e+02,
       5.47483206e-01, 3.74028046e+02, 1.81674881e+02, 6.60350680e-01,
       3.73263428e+02, 1.82312073e+02, 6.75404072e-01, 3.79507843e+02,
       1.76449936e+02, 7.99912333e-01, 3.80272491e+02, 1.75557877e+02,
       8.72108817e-01, 3.81291992e+02, 1.74665817e+02, 8.22502851e-01,
       3.82566345e+02, 1.74665817e+02, 7.79708743e-01, 3.81929169e+02,
       1.75557877e+02, 8.21323335e-01, 3.80909668e+02, 1.76067627e+02,
       7.69843996e-01, 3.81291992e+02, 1.88046753e+02, 2.64435261e-01,
       3.81929169e+02, 1.86772369e+02, 1.21039420e-01, 3.79890167e+02,
       1.91997314e+02, 1.27692625e-01, 3.80017609e+02, 1.92634506e+02,
       9.67949405e-02, 3.82438934e+02, 1.85752884e+02, 1.03634529e-01,
       3.85242554e+02, 1.90085754e+02, 1.13464281e-01, 3.86134613e+02,
       1.90085754e+02, 6.09364919e-02, 3.85369995e+02, 1.89958313e+02,
       1.95785053e-02, 3.83203552e+02, 1.94036316e+02, 3.39840129e-02,
       3.82184052e+02, 1.94036316e+02, 3.76815796e-02, 3.82438934e+02,
       1.85625443e+02, 9.46792811e-02, 3.82311493e+02, 1.86899811e+02,
       1.39480025e-01, 3.81546844e+02, 1.87664444e+02, 2.41916388e-01,
       3.82184052e+02, 1.86644943e+02, 8.93079564e-02, 3.82311493e+02,
       1.85880310e+02, 7.83103406e-02, 3.83076111e+02, 1.85752884e+02,
       5.04036024e-02, 3.85115112e+02, 1.90468063e+02, 7.22550228e-02,
       3.79252991e+02, 1.90977814e+02, 3.33517343e-02, 3.79380432e+02,
       1.91742432e+02, 4.49789539e-02, 3.82311493e+02, 1.86772369e+02,
       1.03376083e-01, 3.73135986e+02, 1.81802322e+02, 6.26207530e-01,
       3.81164551e+02, 1.75430435e+02, 8.08958590e-01, 2.80743805e+02,
       1.95988663e+02, 2.23557372e-02, 2.80743805e+02, 1.95988663e+02,
       9.55052965e-04, 2.67770172e+02, 2.12646164e+02, 2.41559967e-02,
       2.67129486e+02, 2.13767334e+02, 3.68817113e-02, 2.64406647e+02,
       2.09282623e+02, 5.34599423e-02, 2.73215881e+02, 2.01914886e+02,
       1.54945282e-02, 2.72735382e+02, 2.01434387e+02, 5.25503308e-02,
       2.72735382e+02, 2.04797928e+02, 3.22219618e-02, 2.69051514e+02,
       2.08481796e+02, 4.56570499e-02, 2.89713196e+02, 2.16490204e+02,
       3.68993022e-02, 2.69371857e+02, 2.15048691e+02, 3.40746455e-02,
       2.89713196e+02, 2.14247849e+02, 2.39659902e-02, 2.77860748e+02,
       1.97109848e+02, 3.14043462e-02, 2.74497223e+02, 1.95828506e+02,
       1.44365370e-01, 2.94518250e+02, 2.17771545e+02, 8.21750388e-02,
       2.92436066e+02, 2.15529190e+02, 1.64838303e-02, 2.66328644e+02,
       2.34268875e+02, 2.36106981e-02, 2.65367645e+02, 2.07360611e+02,
       3.36616077e-02, 2.66648987e+02, 2.10243637e+02, 3.15686874e-02,
       2.65527802e+02, 2.07520782e+02, 5.54198073e-03, 2.84747986e+02,
       2.11364822e+02, 2.54163127e-02, 2.66969330e+02, 2.07360611e+02,
       3.93564552e-02, 2.91154724e+02, 2.16490204e+02, 9.20352992e-04,
       2.87150513e+02, 2.17291046e+02, 8.20423520e-05, 2.76259094e+02,
       2.08001282e+02, 1.26029772e-04, 2.73215881e+02, 2.08161453e+02,
       2.33103186e-02, 2.78661591e+02, 2.07680954e+02, 4.46107537e-02,
       2.43264435e+02, 2.14408020e+02, 1.47269676e-02, 2.43264435e+02,
       2.19533401e+02, 2.39465330e-02, 2.69051514e+02, 2.13447006e+02,
       3.72067019e-02, 2.43264435e+02, 2.18572388e+02, 1.05915749e-02,
       2.92275909e+02, 2.16490204e+02, 4.25655544e-02, 2.94678436e+02,
       2.17611374e+02, 3.68597060e-02, 2.95158936e+02, 2.17611374e+02,
       3.16441171e-02, 2.99163147e+02, 2.16330032e+02, 2.96526905e-02,
       2.99803802e+02, 2.14247849e+02, 4.72845137e-02, 2.68250671e+02,
       2.10563980e+02, 4.65959013e-02, 2.68731171e+02, 2.11204651e+02,
       4.26045619e-02, 2.68410828e+02, 2.08802124e+02, 3.50228511e-02,
       2.69051514e+02, 2.07520782e+02, 5.49125485e-02, 2.70332855e+02,
       2.13767334e+02, 2.33373009e-02, 2.70172699e+02, 2.12966507e+02,
       6.37274683e-02, 2.91955566e+02, 2.13927505e+02, 1.80528890e-02,
       2.92275909e+02, 2.15529190e+02, 1.11705400e-01, 2.92275909e+02,
       2.15208847e+02, 5.05241044e-02, 2.75618408e+02, 2.09923309e+02,
       2.58191824e-02, 2.92275909e+02, 2.15369019e+02, 6.42863512e-02,
       2.92275909e+02, 2.15369019e+02, 9.17903930e-02, 2.67930328e+02,
       2.08802124e+02, 4.35537705e-03, 2.69051514e+02, 2.10403809e+02,
       1.25735532e-02, 2.70332855e+02, 2.12485992e+02, 1.86557490e-02,
       2.69371857e+02, 2.12325821e+02, 2.30536815e-02, 2.72254883e+02,
       2.11364822e+02, 4.86832559e-02, 2.74337067e+02, 2.11204651e+02,
       2.81222686e-02, 2.89553040e+02, 2.16650375e+02, 5.30376807e-02,
       2.75618408e+02, 2.12646164e+02, 1.96392387e-02, 2.75778564e+02,
       2.13927505e+02, 5.32244593e-02, 2.70493011e+02, 2.12806335e+02,
       2.60072723e-02, 2.70332855e+02, 2.13286835e+02, 1.75822675e-02,
       2.69211670e+02, 2.13767334e+02, 1.01392134e-03, 2.67930328e+02,
       2.08802124e+02, 3.05352639e-03, 2.68731171e+02, 2.15369019e+02,
       4.20037992e-02, 2.69051514e+02, 2.12966507e+02, 2.48140264e-02,
       2.67930328e+02, 2.15048691e+02, 1.11956540e-02, 2.75618408e+02,
       2.09923309e+02, 4.91564050e-02, 2.72094696e+02, 2.03676743e+02,
       3.27069731e-03, 2.68891357e+02, 2.12806335e+02, 2.11958047e-02,
       2.69211670e+02, 2.13767334e+02, 2.03577559e-02, 2.89713196e+02,
       2.14408020e+02, 1.15579665e-02, 2.92275909e+02, 2.15689362e+02,
       8.94799978e-02 ]
