%YAML:1.0
---
hand_right_0: !!opencv-matrix
   rows: 5
   cols: 21
   dt: "3f"
   data: [ 1.82741837e+02, 2.67661652e+02, 2.77037740e-01,
       1.86072708e+02, 2.66904633e+02, 4.37083781e-01, 1.89252167e+02,
       2.68872894e+02, 5.85356236e-01, 1.91220413e+02, 2.73414978e+02,
       5.34564435e-01, 1.91977432e+02, 2.77502869e+02, 5.51768959e-01,
       1.85164291e+02, 2.74929016e+02, 5.76872230e-01, 1.88040939e+02,
       2.80682312e+02, 5.13455868e-01, 1.92280228e+02, 2.83407593e+02,
       3.79252851e-01, 1.94854080e+02, 2.85527222e+02, 2.79011548e-01,
       1.84710083e+02, 2.76594452e+02, 4.23274606e-01, 1.88040939e+02,
       2.81439331e+02, 2.97730505e-01, 1.92583038e+02, 2.83256165e+02,
       1.84547305e-01, 1.96216721e+02, 2.81590729e+02, 8.30378309e-02,
       1.84558670e+02, 2.76897247e+02, 3.01684797e-01, 1.88646561e+02,
       2.80682312e+02, 2.21461594e-01, 1.91977432e+02, 2.81439331e+02,
       2.08434716e-01, 1.95611099e+02, 2.80379517e+02, 8.80205929e-02,
       1.85164291e+02, 2.77351440e+02, 1.11456707e-01, 1.89100769e+02,
       2.79773895e+02, 2.59472102e-01, 1.90311996e+02, 2.79319702e+02,
       2.02275380e-01, 1.93340057e+02, 2.80076721e+02, 1.31925002e-01,
       3.69774902e+02, 1.58545715e+02, 1.81604475e-02, 3.67760071e+02,
       1.74462875e+02, 2.04577111e-02, 3.71185272e+02, 1.76074738e+02,
       3.52906920e-02, 3.69976379e+02, 1.74664352e+02, 4.71358001e-02,
       3.68767487e+02, 1.72145813e+02, 8.47756565e-02, 3.69875641e+02,
       1.72246552e+02, 1.83071438e-02, 3.72091949e+02, 1.75973984e+02,
       1.24093406e-02, 3.69774902e+02, 1.73656937e+02, 2.13426612e-02,
       3.69170441e+02, 1.71944336e+02, 1.51792923e-02, 3.71386749e+02,
       1.72750259e+02, 1.20466333e-02, 3.71185272e+02, 1.72548782e+02,
       1.25522511e-02, 3.70379333e+02, 1.72045074e+02, 9.07936692e-03,
       3.70077118e+02, 1.71843597e+02, 1.14746466e-02, 3.71991211e+02,
       1.72850998e+02, 1.06118945e-02, 3.70883057e+02, 1.72246552e+02,
       1.18349558e-02, 3.70278595e+02, 1.72145813e+02, 1.05671631e-02,
       3.69573425e+02, 1.71642105e+02, 9.64659173e-03, 3.69472687e+02,
       1.73556198e+02, 9.89437290e-03, 3.66551178e+02, 1.74462875e+02,
       1.32783307e-02, 3.68465271e+02, 1.73556198e+02, 1.15334466e-02,
       3.69472687e+02, 1.72347305e+02, 9.54210013e-03, 4.47197296e+02,
       3.12335358e+02, 6.04727352e-03, 4.50400208e+02, 3.13580933e+02,
       3.54244607e-03, 4.52120270e+02, 3.14707886e+02, 5.50324842e-03,
       4.52120270e+02, 3.14707886e+02, 5.42641850e-03, 4.52238892e+02,
       3.14826508e+02, 1.47392263e-03, 4.52179596e+02, 3.14767181e+02,
       5.30870818e-03, 4.52238892e+02, 3.14885803e+02, 6.27697259e-03,
       4.52238892e+02, 3.14945129e+02, 5.23769716e-03, 4.50934021e+02,
       3.14529938e+02, 1.98344933e-03, 4.51883026e+02, 3.14648560e+02,
       5.14547247e-03, 4.52357544e+02, 3.14945129e+02, 4.01593605e-03,
       4.52298218e+02, 3.14945129e+02, 4.35057981e-03, 4.52238892e+02,
       3.15004456e+02, 9.62507038e-04, 4.51883026e+02, 3.14648560e+02,
       5.64015750e-03, 4.52298218e+02, 3.14885803e+02, 5.72220888e-03,
       4.52298218e+02, 3.15004456e+02, 6.48568152e-03, 4.52416840e+02,
       3.15063751e+02, 3.77528090e-03, 4.51823700e+02, 3.14470612e+02,
       9.97005217e-03, 4.52001648e+02, 3.14767181e+02, 1.00779859e-02,
       4.52120270e+02, 3.14945129e+02, 8.36971868e-03, 4.52238892e+02,
       3.15004456e+02, 5.57177141e-03, 5.72381897e+02, 2.58028503e+02,
       2.39164960e-02, 5.74879028e+02, 2.61177002e+02, 2.04651617e-02,
       5.87364441e+02, 2.67365417e+02, 1.59018915e-02, 5.87581543e+02,
       2.63999786e+02, 3.48612145e-02, 5.87255859e+02, 2.63674072e+02,
       2.72757374e-02, 5.87581543e+02, 2.63999786e+02, 1.19599532e-02,
       5.87581543e+02, 2.63999786e+02, 1.66689120e-02, 5.86930115e+02,
       2.65736908e+02, 2.41412390e-02, 5.87364441e+02, 2.63239807e+02,
       1.27719594e-02, 5.87690125e+02, 2.64108368e+02, 9.84573923e-03,
       5.87907288e+02, 2.63131256e+02, 8.75364710e-03, 5.87581543e+02,
       2.64216919e+02, 1.07226111e-02, 5.86170166e+02, 2.64542633e+02,
       9.01769195e-03, 5.66519226e+02, 2.65628326e+02, 1.02255130e-02,
       5.88124390e+02, 2.63022675e+02, 7.71292858e-03, 5.87581543e+02,
       2.64108368e+02, 1.05016576e-02, 5.86061584e+02, 2.64868347e+02,
       7.71904411e-03, 5.67604919e+02, 2.68342560e+02, 1.82801113e-02,
       5.87690125e+02, 2.63674072e+02, 1.29550584e-02, 5.87798706e+02,
       2.63891235e+02, 1.15902405e-02, 5.87798706e+02, 2.63239807e+02,
       7.34789530e-03, 5.13880432e+02, 3.24607788e+02, 2.58412603e-02,
       5.22932434e+02, 3.03047485e+02, 2.16444135e-02, 5.21615784e+02,
       3.01566254e+02, 7.22242892e-02, 5.15032532e+02, 3.06832886e+02,
       7.02376068e-02, 5.14374207e+02, 3.07655792e+02, 2.87037697e-02,
       5.19805420e+02, 3.02882904e+02, 3.77587751e-02, 5.12234619e+02,
       3.07162048e+02, 3.29879187e-02, 5.09436707e+02, 3.09466217e+02,
       4.85360920e-02, 5.06803406e+02, 3.10782867e+02, 2.45527271e-02,
       5.19805420e+02, 3.02224579e+02, 1.28956251e-02, 5.10259613e+02,
       3.13745331e+02, 2.60836426e-02, 5.08449219e+02, 3.14403687e+02,
       3.79059948e-02, 5.07955475e+02, 3.13251587e+02, 2.04000007e-02,
       5.18653320e+02, 3.01730835e+02, 1.36011820e-02, 5.10095032e+02,
       3.14732849e+02, 2.04354338e-02, 5.08613800e+02, 3.13909912e+02,
       2.16337238e-02, 5.07955475e+02, 3.13580750e+02, 1.97495800e-02,
       5.19805420e+02, 3.01072510e+02, 2.01945174e-02, 5.20792908e+02,
       3.02553741e+02, 1.26196211e-02, 5.08120056e+02, 3.15720337e+02,
       1.10517032e-02, 5.08284637e+02, 3.15555756e+02, 9.43685044e-03 ]
