%YAML:1.0
---
hand_left_0: !!opencv-matrix
   rows: 1
   cols: 21
   dt: "3f"
   data: [ 4.89118469e+02, 3.43280273e+02, 1.26930531e-02,
       4.87461090e+02, 3.58611023e+02, 8.60008877e-03, 4.85389374e+02,
       3.50738495e+02, 8.85194261e-03, 4.85803711e+02, 3.47838074e+02,
       9.28792451e-03, 4.85389374e+02, 3.45352020e+02, 5.12826908e-03,
       5.00305756e+02, 3.56539307e+02, 7.43231690e-03, 4.88289764e+02,
       3.42865936e+02, 8.76051374e-03, 4.89118469e+02, 3.43694641e+02,
       7.68559705e-03, 4.89532806e+02, 3.44108978e+02, 4.56593093e-03,
       5.01963135e+02, 3.56953644e+02, 6.19258499e-03, 4.87461090e+02,
       3.43280273e+02, 4.91202576e-03, 4.88289764e+02, 3.44523315e+02,
       5.05662430e-03, 4.89532806e+02, 3.44523315e+02, 2.17586616e-03,
       4.87046722e+02, 3.44108978e+02, 5.98867843e-03, 4.87875427e+02,
       3.44108978e+02, 5.72556024e-03, 4.90775848e+02, 3.51981506e+02,
       6.11866638e-03, 4.92433197e+02, 3.53638885e+02, 3.66366562e-03,
       4.87875427e+02, 3.44108978e+02, 7.55367149e-03, 4.87046722e+02,
       3.44108978e+02, 6.82690646e-03, 5.04449188e+02, 3.56539307e+02,
       6.25157077e-03, 4.96162323e+02, 3.53224548e+02, 4.38796403e-03 ]
