%YAML:1.0
---
hand_right_0: !!opencv-matrix
   rows: 5
   cols: 21
   dt: "3f"
   data: [ 2.44484634e+02, 2.98650635e+02, 3.51592302e-02,
       2.37328308e+02, 3.11722870e+02, 1.56724919e-02, 2.37042053e+02,
       3.11054932e+02, 1.88267641e-02, 2.36183304e+02, 3.13917450e+02,
       1.58006903e-02, 2.35992462e+02, 3.14871643e+02, 8.07119999e-03,
       2.37137482e+02, 3.10864105e+02, 5.44215739e-03, 2.36946640e+02,
       3.11150360e+02, 6.17589895e-03, 2.36851227e+02, 3.11245758e+02,
       4.82715713e-03, 2.42671692e+02, 3.13344971e+02, 2.77153286e-03,
       2.35038284e+02, 3.13631195e+02, 3.20161413e-03, 2.38664154e+02,
       3.10959503e+02, 1.46397133e-03, 2.32557434e+02, 3.16684570e+02,
       2.94841616e-03, 2.42957947e+02, 3.13822052e+02, 1.88063772e-03,
       2.38091644e+02, 3.10005341e+02, 2.87041487e-03, 2.32462006e+02,
       3.16875397e+02, 2.57193483e-03, 2.34561203e+02, 3.17829590e+02,
       4.93725110e-03, 2.34370361e+02, 3.17829590e+02, 4.27976763e-03,
       2.35038284e+02, 3.10196167e+02, 3.42230196e-03, 2.35133698e+02,
       3.17924988e+02, 3.43367411e-03, 2.34847458e+02, 3.17924988e+02,
       4.62773629e-03, 2.34752029e+02, 3.18402100e+02, 4.23860131e-03,
       3.77193024e+02, 2.25857056e+02, 1.62365679e-02, 3.81496552e+02,
       2.34464111e+02, 1.24751786e-02, 3.80313080e+02, 2.31774414e+02,
       1.01412544e-02, 3.82572418e+02, 2.31774414e+02, 1.00724483e-02,
       3.81819305e+02, 2.27686066e+02, 7.94263650e-03, 3.84616608e+02,
       2.25211533e+02, 8.21514986e-03, 3.84509003e+02, 2.25964645e+02,
       1.68555211e-02, 3.82895172e+02, 2.26395004e+02, 2.01842394e-02,
       3.82142059e+02, 2.26287415e+02, 1.23373782e-02, 3.85046936e+02,
       2.24673584e+02, 8.10143631e-03, 3.84401428e+02, 2.25103943e+02,
       1.93931032e-02, 3.82034485e+02, 2.25749466e+02, 2.35936232e-02,
       3.82142059e+02, 2.25857056e+02, 1.53706344e-02, 3.85262115e+02,
       2.24673584e+02, 6.31182408e-03, 3.84401428e+02, 2.23382538e+02,
       1.54221905e-02, 3.84293823e+02, 2.23059769e+02, 1.23563539e-02,
       3.82142059e+02, 2.25749466e+02, 1.08091338e-02, 3.80420654e+02,
       2.24888763e+02, 4.81224759e-03, 3.88812531e+02, 2.28223999e+02,
       6.71777222e-03, 3.88704956e+02, 2.28331589e+02, 8.65450595e-03,
       3.80528259e+02, 2.31021286e+02, 8.48030113e-03, 3.80085541e+02,
       2.81724945e+02, 2.83798426e-02, 3.80743530e+02, 2.84620148e+02,
       2.10790969e-02, 3.84428314e+02, 2.75144958e+02, 2.37414651e-02,
       3.80480347e+02, 2.72118164e+02, 2.29746029e-02, 3.72057983e+02,
       2.89884125e+02, 1.46201020e-02, 3.73373962e+02, 2.87910126e+02,
       1.67377796e-02, 3.83507141e+02, 2.74881775e+02, 3.16472799e-02,
       3.79953949e+02, 2.72512970e+02, 5.97901866e-02, 3.77979950e+02,
       2.71196991e+02, 2.05127094e-02, 3.76137543e+02, 2.89094513e+02,
       1.92637835e-02, 3.72584381e+02, 2.89226135e+02, 2.00699233e-02,
       3.72979156e+02, 2.89226135e+02, 3.08245402e-02, 3.72321167e+02,
       2.88962921e+02, 1.79813784e-02, 3.80743530e+02, 2.90278931e+02,
       3.69516537e-02, 3.78374756e+02, 2.85672943e+02, 2.03755610e-02,
       3.78111542e+02, 2.85409729e+02, 1.69508755e-02, 3.73110779e+02,
       2.87120514e+02, 1.56773143e-02, 3.82585938e+02, 2.89357727e+02,
       9.80859995e-02, 3.80348755e+02, 2.88831329e+02, 1.56028103e-02,
       3.79559143e+02, 2.72776184e+02, 3.47092748e-02, 3.79032745e+02,
       2.72118164e+02, 1.44526362e-02, 5.56562927e+02, 3.08378662e+02,
       1.44051239e-02, 5.49530762e+02, 3.06750854e+02, 6.99854083e-03,
       5.49921387e+02, 3.06685730e+02, 8.16374365e-03, 5.49856323e+02,
       3.06750854e+02, 7.43361795e-03, 5.48879578e+02, 3.06946198e+02,
       4.38620197e-03, 5.49465637e+02, 3.08834473e+02, 5.01536019e-03,
       5.48619141e+02, 3.09225128e+02, 5.38292527e-03, 5.48814514e+02,
       3.08964691e+02, 5.27097611e-03, 5.50377197e+02, 3.06946198e+02,
       3.25536635e-03, 5.49921387e+02, 3.08834473e+02, 4.07281658e-03,
       5.49921387e+02, 3.09420471e+02, 2.61047506e-03, 5.50312073e+02,
       3.07988007e+02, 4.11848770e-03, 5.50312073e+02, 3.07206635e+02,
       2.51127686e-03, 5.49986511e+02, 3.08964691e+02, 3.71089578e-03,
       5.49986511e+02, 3.09485596e+02, 3.47895338e-03, 5.50507446e+02,
       3.07988007e+02, 5.18654473e-03, 5.50507446e+02, 3.07597321e+02,
       3.49996681e-03, 5.58320923e+02, 3.08964691e+02, 4.14569769e-03,
       5.50572510e+02, 3.07727539e+02, 4.29199729e-03, 5.50572510e+02,
       3.07662445e+02, 4.95208753e-03, 5.51874817e+02, 3.11959869e+02,
       3.68539710e-03, 2.79487488e+02, 3.02266235e+02, 1.44074718e-02,
       2.79816162e+02, 3.03307068e+02, 1.14339991e-02, 2.80637848e+02,
       3.04840881e+02, 7.63828494e-03, 2.80802185e+02, 3.05005219e+02,
       7.93095399e-03, 2.80966522e+02, 3.05224335e+02, 6.43752003e-03,
       2.81185638e+02, 3.06319946e+02, 4.33413126e-03, 2.81185638e+02,
       3.06539062e+02, 5.17609529e-03, 2.81130859e+02, 3.06593842e+02,
       5.42851910e-03, 2.79925720e+02, 3.03690521e+02, 5.33413701e-03,
       2.79268341e+02, 3.04566986e+02, 3.41753103e-03, 2.79104004e+02,
       3.06703400e+02, 2.80726049e-03, 2.79213562e+02, 3.06155609e+02,
       4.12414968e-03, 2.79706604e+02, 3.03635742e+02, 4.81459545e-03,
       2.79158783e+02, 3.04840881e+02, 3.80059402e-03, 2.81185638e+02,
       3.06265167e+02, 4.22908692e-03, 2.78994446e+02, 3.05991272e+02,
       6.15128223e-03, 2.77789307e+02, 3.05826935e+02, 4.24251286e-03,
       2.79049225e+02, 3.05169556e+02, 5.29964548e-03, 2.80747406e+02,
       3.06265167e+02, 7.10061286e-03, 2.79049225e+02, 3.05333893e+02,
       6.43855100e-03, 2.79049225e+02, 3.05388672e+02, 5.23051200e-03 ]
