%YAML:1.0
---
hand_right_0: !!opencv-matrix
   rows: 3
   cols: 21
   dt: "3f"
   data: [ 2.90726013e+02, 4.47030334e+02, 8.89453143e-02,
       2.97065186e+02, 4.42672150e+02, 1.87087581e-02, 2.88546906e+02,
       4.49209412e+02, 7.23238802e-03, 3.05583466e+02, 4.34550049e+02,
       6.33379398e-03, 3.05385376e+02, 4.27418488e+02, 2.93562701e-03,
       3.00829071e+02, 4.46634125e+02, 7.42735621e-03, 3.03602478e+02,
       4.46237915e+02, 5.03070001e-03, 3.03998657e+02, 4.45841736e+02,
       4.65216627e-03, 3.03008179e+02, 4.50992310e+02, 2.99135852e-03,
       2.96272797e+02, 4.44653137e+02, 5.94361033e-03, 3.04394867e+02,
       4.46436035e+02, 4.28200793e-03, 3.04394867e+02, 4.45841736e+02,
       4.12469776e-03, 3.05781555e+02, 4.45445526e+02, 2.31461017e-03,
       2.96272797e+02, 4.45247437e+02, 4.99487715e-03, 3.04394867e+02,
       4.46634125e+02, 5.69827110e-03, 3.04592957e+02, 4.46832214e+02,
       5.65186050e-03, 3.05583466e+02, 4.49011322e+02, 4.11093701e-03,
       2.96272797e+02, 4.30786163e+02, 5.25757344e-03, 2.96470886e+02,
       4.30191864e+02, 4.38538380e-03, 3.04989166e+02, 4.48218933e+02,
       4.98356530e-03, 3.05187256e+02, 4.49803711e+02, 4.47812537e-03,
       2.68936615e+02, 4.19178772e+02, 1.19385310e-02, 2.65116425e+02,
       3.96766968e+02, 3.92106315e-03, 2.74284882e+02, 3.88107880e+02,
       4.69340524e-03, 2.74539551e+02, 3.88362549e+02, 3.99958715e-03,
       2.75812958e+02, 3.81231537e+02, 1.04320038e-03, 2.65880463e+02,
       3.89381287e+02, 5.11778239e-03, 2.66389801e+02, 3.88871918e+02,
       5.07304259e-03, 2.67408539e+02, 3.89381287e+02, 4.22599167e-03,
       2.67663208e+02, 3.90399994e+02, 2.40638526e-03, 2.67408539e+02,
       3.90399994e+02, 4.83439956e-03, 2.65625763e+02, 3.89890625e+02,
       2.52878200e-03, 2.67408539e+02, 3.89635956e+02, 3.26047721e-03,
       2.67917908e+02, 3.90399994e+02, 1.36661762e-03, 2.66135132e+02,
       3.90399994e+02, 4.73143067e-03, 2.65371094e+02, 3.89890625e+02,
       3.35294148e-03, 2.67408539e+02, 3.89635956e+02, 3.70077766e-03,
       2.75558289e+02, 3.86070435e+02, 1.75281439e-03, 2.62824310e+02,
       3.92182739e+02, 5.73621783e-03, 2.66644501e+02, 3.89890625e+02,
       4.49344423e-03, 2.71738098e+02, 3.89126587e+02, 3.69822234e-03,
       2.75558289e+02, 3.85815765e+02, 2.32380675e-03, 1.90358002e+02,
       5.52788391e+02, 2.36341450e-02, 1.91845459e+02, 5.53680847e+02,
       4.02314588e-02, 1.90506760e+02, 5.49664734e+02, 1.45572275e-02,
       1.89763031e+02, 5.48474792e+02, 8.02656822e-03, 1.90655502e+02,
       5.60820618e+02, 7.24497484e-03, 1.85895660e+02, 5.54870850e+02,
       1.17833614e-02, 1.95266602e+02, 5.60820618e+02, 8.29606317e-03,
       1.92737930e+02, 5.62754333e+02, 8.58147815e-03, 1.92589188e+02,
       5.61713074e+02, 8.98192078e-03, 1.94969101e+02, 5.60671875e+02,
       6.83843065e-03, 1.95266602e+02, 5.60820618e+02, 5.82824461e-03,
       1.94225388e+02, 5.62159302e+02, 6.75524911e-03, 1.92886673e+02,
       5.61861816e+02, 5.42620476e-03, 1.94671616e+02, 5.60671875e+02,
       5.76655800e-03, 1.86788132e+02, 5.66324219e+02, 6.12286432e-03,
       1.89911774e+02, 5.62903076e+02, 7.90188834e-03, 1.90060516e+02,
       5.62456848e+02, 7.18680723e-03, 1.91994202e+02, 5.64390503e+02,
       6.35282509e-03, 1.90952988e+02, 5.66472961e+02, 6.29147468e-03,
       1.90506760e+02, 5.63349304e+02, 7.56359985e-03, 1.90506760e+02,
       5.62605591e+02, 7.77043588e-03 ]
