%YAML:1.0
---
hand_right_0: !!opencv-matrix
   rows: 7
   cols: 21
   dt: "3f"
   data: [ 5.73599976e+02, 5.07836853e+02, 2.75868829e-02,
       5.80322510e+02, 5.07623444e+02, 2.23690495e-02, 5.91953552e+02,
       5.07623444e+02, 2.76609808e-02, 5.95901733e+02, 5.09224060e+02,
       4.77060862e-02, 5.96008423e+02, 5.11785004e+02, 3.83072123e-02,
       5.93447449e+02, 5.03675293e+02, 1.47440597e-01, 5.96755371e+02,
       5.08370392e+02, 4.22177017e-01, 5.96968811e+02, 5.11785004e+02,
       2.54959136e-01, 5.96648682e+02, 5.13599060e+02, 1.47699580e-01,
       5.91740173e+02, 5.03461853e+02, 4.25287783e-01, 5.92487122e+02,
       5.10077698e+02, 2.63712972e-01, 5.93127380e+02, 5.13385620e+02,
       2.24494055e-01, 5.92700500e+02, 5.14452698e+02, 2.09094539e-01,
       5.88859070e+02, 5.04955750e+02, 4.14947569e-01, 5.89819458e+02,
       5.09757568e+02, 2.78905362e-01, 5.89606018e+02, 5.12531982e+02,
       3.02442938e-01, 5.89712708e+02, 5.13385620e+02, 2.17487425e-01,
       5.86084717e+02, 5.06129547e+02, 2.76713192e-01, 5.86618225e+02,
       5.09224060e+02, 4.23269928e-01, 5.87045044e+02, 5.11358185e+02,
       3.62243652e-01, 5.87258484e+02, 5.12425232e+02, 2.48305857e-01,
       5.95046082e+02, 4.80706787e+02, 4.88036424e-02, 6.01659485e+02,
       4.74341431e+02, 4.52738702e-02, 5.93392761e+02, 4.76821442e+02,
       3.39204594e-02, 5.97774109e+02, 4.74341431e+02, 4.77279238e-02,
       5.97774109e+02, 4.74424103e+02, 3.12287975e-02, 5.99096802e+02,
       4.82277466e+02, 3.06957990e-01, 5.97939453e+02, 4.75829437e+02,
       1.56247094e-01, 5.97608765e+02, 4.74506775e+02, 1.09857693e-01,
       5.96534119e+02, 4.75746765e+02, 1.05582997e-01, 6.02238159e+02,
       4.83186798e+02, 1.23763852e-01, 6.01328796e+02, 4.75581421e+02,
       1.19007818e-01, 5.99096802e+02, 4.74341431e+02, 5.90121001e-02,
       5.97856812e+02, 4.76573425e+02, 5.04539683e-02, 6.04635498e+02,
       4.83682800e+02, 6.31947219e-02, 6.02072815e+02, 4.75498779e+02,
       3.34440954e-02, 6.02238159e+02, 4.74506775e+02, 3.52327526e-02,
       5.98518127e+02, 4.76656097e+02, 2.62602083e-02, 6.06371521e+02,
       4.82608124e+02, 2.79400013e-02, 6.06950134e+02, 4.79384125e+02,
       2.38249488e-02, 6.06950134e+02, 4.79384125e+02, 2.09154263e-02,
       6.02651489e+02, 4.74506775e+02, 8.07827897e-03, 2.39776962e+02,
       3.25300812e+02, 1.52036652e-01, 2.35811844e+02, 3.12900818e+02,
       3.49670760e-02, 2.35956039e+02, 3.13045013e+02, 3.94142419e-02,
       2.35883942e+02, 3.14703156e+02, 2.48597804e-02, 2.45111847e+02,
       3.14270599e+02, 1.70136057e-02, 2.41218826e+02, 3.17298492e+02,
       3.38046066e-02, 2.42372314e+02, 3.14414764e+02, 5.99161126e-02,
       2.41723480e+02, 3.14054321e+02, 4.89173755e-02, 2.40281616e+02,
       3.16938019e+02, 1.44092282e-02, 2.41218826e+02, 3.17514771e+02,
       3.20569798e-02, 2.40497894e+02, 3.16721741e+02, 2.79532056e-02,
       2.33937424e+02, 3.18524078e+02, 1.61099583e-02, 2.49221146e+02,
       3.18451996e+02, 1.18369721e-02, 2.41435104e+02, 3.17731049e+02,
       1.60649903e-02, 2.41146729e+02, 3.17298492e+02, 1.41853085e-02,
       2.32639755e+02, 3.18956635e+02, 9.23418254e-03, 2.34586273e+02,
       3.20686859e+02, 1.22578433e-02, 2.50374634e+02, 3.21263611e+02,
       7.10682105e-03, 2.32567657e+02, 3.18884552e+02, 7.31379120e-03,
       2.32567657e+02, 3.18956635e+02, 9.35684331e-03, 2.34802551e+02,
       3.20686859e+02, 9.66429990e-03, 6.59126770e+02, 4.72940765e+02,
       1.11653492e-01, 6.59211609e+02, 4.77183044e+02, 3.52922007e-02,
       6.59466125e+02, 4.76504272e+02, 1.55498870e-02, 6.59126770e+02,
       4.83800964e+02, 1.43819675e-02, 6.58787415e+02, 4.83885803e+02,
       9.03505646e-03, 6.58193481e+02, 4.84394867e+02, 3.86087857e-02,
       6.57090515e+02, 4.87109924e+02, 1.97136160e-02, 6.56835938e+02,
       4.86940216e+02, 2.22903620e-02, 6.56242065e+02, 4.86261475e+02,
       1.36655122e-02, 6.57684387e+02, 4.84225189e+02, 5.37515730e-02,
       6.57260193e+02, 4.85328156e+02, 4.31822129e-02, 6.56835938e+02,
       4.86685699e+02, 3.07557397e-02, 6.56157166e+02, 4.86431152e+02,
       1.65854339e-02, 6.56242065e+02, 4.85328156e+02, 3.11497208e-02,
       6.58193481e+02, 4.86515991e+02, 3.86901796e-02, 6.58278320e+02,
       4.87025055e+02, 3.20162885e-02, 6.56581421e+02, 4.87873505e+02,
       1.71389394e-02, 6.56072327e+02, 4.86515991e+02, 3.47062387e-02,
       6.56242065e+02, 4.87703827e+02, 2.08289251e-02, 6.58278320e+02,
       4.87449280e+02, 3.16098221e-02, 6.58447998e+02, 4.86855377e+02,
       1.82812829e-02, 2.90679901e+02, 3.38418976e+02, 4.29019593e-02,
       2.87762299e+02, 3.37145844e+02, 2.72031222e-02, 2.88133636e+02,
       3.37941559e+02, 2.10075993e-02, 2.85109955e+02, 3.35660522e+02,
       9.02477931e-03, 2.91475616e+02, 3.31628937e+02, 9.91308130e-03,
       2.85428223e+02, 3.35660522e+02, 4.47935015e-02, 2.88186676e+02,
       3.32318542e+02, 6.12420700e-02, 2.89725037e+02, 3.33485596e+02,
       1.84757877e-02, 2.89778107e+02, 3.33538635e+02, 8.91831331e-03,
       2.87815338e+02, 3.38206787e+02, 1.25396281e-01, 2.88982391e+02,
       3.34387390e+02, 7.72005916e-02, 2.91157318e+02, 3.34705658e+02,
       2.29178052e-02, 2.91581696e+02, 3.35607483e+02, 6.46854714e-02,
       2.90043335e+02, 3.38312866e+02, 2.32824281e-01, 2.91581696e+02,
       3.34864807e+02, 7.00104237e-02, 2.92324371e+02, 3.34864807e+02,
       1.53842811e-02, 2.92165222e+02, 3.35501373e+02, 5.81057966e-02,
       2.93013977e+02, 3.38525055e+02, 1.25501171e-01, 2.93915771e+02,
       3.36509277e+02, 4.41473387e-02, 2.93756622e+02, 3.36668427e+02,
       3.38338129e-02, 2.93703583e+02, 3.36668427e+02, 5.67093566e-02,
       5.36174377e+02, 3.27410187e+02, 1.71926729e-02, 5.39145142e+02,
       3.27970703e+02, 9.89391841e-03, 5.40770630e+02, 3.31333832e+02,
       8.50862451e-03, 5.40826660e+02, 3.31277771e+02, 8.52336083e-03,
       5.40210083e+02, 3.33407745e+02, 5.90854743e-03, 5.40714600e+02,
       3.31221710e+02, 1.47396615e-02, 5.39649597e+02, 3.28643311e+02,
       1.17934318e-02, 5.39593506e+02, 3.28475159e+02, 7.88837858e-03,
       5.40098022e+02, 3.33463806e+02, 4.66956710e-03, 5.40546448e+02,
       3.30997528e+02, 6.98350370e-03, 5.39593506e+02, 3.28643311e+02,
       4.92097018e-03, 5.40546448e+02, 3.30885406e+02, 4.40980075e-03,
       5.38920898e+02, 3.32510925e+02, 1.72602199e-03, 5.40098022e+02,
       3.31445923e+02, 5.86775085e-03, 5.40434326e+02, 3.30997528e+02,
       3.88146588e-03, 5.39425354e+02, 3.32062500e+02, 5.84044075e-03,
       5.39201172e+02, 3.32454865e+02, 4.70218295e-03, 5.39649597e+02,
       3.31726196e+02, 6.77648652e-03, 5.39257202e+02, 3.28587280e+02,
       1.01275695e-02, 5.40041931e+02, 3.31389893e+02, 8.01718421e-03,
       5.39369324e+02, 3.32118561e+02, 6.22773916e-03, 0., 0., 0., 0.,
       0., 0., 0., 0., 0., 0., 0., 0., 0., 0., 0., 0., 0., 0., 0., 0.,
       0., 0., 0., 0., 0., 0., 0., 0., 0., 0., 0., 0., 0., 0., 0., 0.,
       0., 0., 0., 0., 0., 0., 0., 0., 0., 0., 0., 0., 0., 0., 0., 0.,
       0., 0., 0., 0., 0., 0., 0., 0., 0., 0., 0. ]
