%YAML:1.0
---
hand_left_0: !!opencv-matrix
   rows: 4
   cols: 21
   dt: "3f"
   data: [ 3.30334839e+02, 4.18345581e+02, 9.25164521e-02,
       3.24591187e+02, 4.12601898e+02, 1.42684236e-01, 3.12104919e+02,
       4.09355469e+02, 2.01256424e-01, 3.05612091e+02, 4.09605194e+02,
       1.90521628e-01, 2.99868408e+02, 4.10604095e+02, 7.21149743e-02,
       3.05612091e+02, 4.07857117e+02, 3.70996356e-01, 2.96122528e+02,
       4.09105743e+02, 3.15187097e-01, 2.91627472e+02, 4.11852722e+02,
       1.50577486e-01, 2.89130219e+02, 4.13101349e+02, 9.89371538e-02,
       3.04613190e+02, 4.10604095e+02, 5.15839279e-01, 2.94873901e+02,
       4.14100250e+02, 2.91775793e-01, 2.89629669e+02, 4.15348877e+02,
       1.61378354e-01, 2.84135742e+02, 4.21092560e+02, 1.19500637e-01,
       3.06860687e+02, 4.14349976e+02, 5.25548100e-01, 2.99119232e+02,
       4.18595306e+02, 5.14153898e-01, 2.93875000e+02, 4.21841736e+02,
       2.40693420e-01, 2.91627472e+02, 4.26586487e+02, 2.07589567e-01,
       3.10107117e+02, 4.18345581e+02, 4.49449897e-01, 3.04363464e+02,
       4.21342285e+02, 3.81451637e-01, 3.02115936e+02, 4.24588684e+02,
       4.44853842e-01, 3.00367859e+02, 4.28084839e+02, 3.70975226e-01,
       2.87464081e+02, 3.74670502e+02, 3.98862511e-02, 2.77347412e+02,
       3.62639862e+02, 1.77762154e-02, 2.79534790e+02, 3.48695282e+02,
       1.24315117e-02, 2.79261383e+02, 3.49515533e+02, 1.42454747e-02,
       2.77620819e+02, 3.44593933e+02, 1.53959040e-02, 2.77620819e+02,
       3.58538513e+02, 2.07602810e-02, 2.82815887e+02, 3.53890320e+02,
       3.89778167e-02, 2.84182983e+02, 3.53070038e+02, 2.12663282e-02,
       2.74066315e+02, 3.64827271e+02, 1.04908934e-02, 2.88010925e+02,
       3.56351135e+02, 1.40374554e-02, 2.89378052e+02, 3.55257446e+02,
       2.15392094e-02, 2.73246063e+02, 3.62093018e+02, 1.82899423e-02,
       2.74613190e+02, 3.65920959e+02, 1.13122882e-02, 2.85550110e+02,
       3.59905640e+02, 1.69979092e-02, 2.89378052e+02, 3.55530853e+02,
       1.63286868e-02, 2.75433441e+02, 3.60725922e+02, 1.03855990e-02,
       2.74886597e+02, 3.62913300e+02, 5.58449794e-03, 2.91018585e+02,
       3.58265106e+02, 2.32727937e-02, 2.86643799e+02, 3.54710602e+02,
       1.67977642e-02, 2.88284332e+02, 3.56351135e+02, 9.06663854e-03,
       2.88284332e+02, 3.56624542e+02, 5.22807101e-03, 0., 0., 0., 0.,
       0., 0., 0., 0., 0., 0., 0., 0., 0., 0., 0., 0., 0., 0., 0., 0.,
       0., 0., 0., 0., 0., 0., 0., 0., 0., 0., 0., 0., 0., 0., 0., 0.,
       0., 0., 0., 0., 0., 0., 0., 0., 0., 0., 0., 0., 0., 0., 0., 0.,
       0., 0., 0., 0., 0., 0., 0., 0., 0., 0., 0., 4.78154938e+02,
       4.58294067e+02, 5.25681734e-01, 4.69320465e+02, 4.59073578e+02,
       4.74918872e-01, 4.60226135e+02, 4.61671967e+02, 2.94788241e-01,
       4.56328583e+02, 4.65049835e+02, 1.66330382e-01, 4.55029388e+02,
       4.69467102e+02, 1.98876113e-01, 4.57108093e+02, 4.64790009e+02,
       6.71365082e-01, 4.50612152e+02, 4.68947418e+02, 7.65571654e-01,
       4.49053131e+02, 4.73104828e+02, 7.24151611e-01, 4.48793274e+02,
       4.77002380e+02, 7.89893389e-01, 4.59446625e+02, 4.69467102e+02,
       6.74151838e-01, 4.55289246e+02, 4.75703186e+02, 8.24159384e-01,
       4.53210541e+02, 4.81419617e+02, 9.17356908e-01, 4.51391663e+02,
       4.85836853e+02, 7.98257768e-01, 4.63863861e+02, 4.73624481e+02,
       7.11654365e-01, 4.59706482e+02, 4.80380280e+02, 7.14849710e-01,
       4.58147461e+02, 4.84277832e+02, 8.33578467e-01, 4.56848267e+02,
       4.88695068e+02, 7.97850966e-01, 4.68540955e+02, 4.77262207e+02,
       7.38793850e-01, 4.65422913e+02, 4.82199127e+02, 8.19598436e-01,
       4.63863861e+02, 4.85836853e+02, 8.49224627e-01, 4.63084351e+02,
       4.88435242e+02, 8.10280919e-01 ]
