%YAML:1.0
---
face_0: !!opencv-matrix
   rows: 10
   cols: 70
   dt: "3f"
   data: [ 4.68727783e+02, 3.95950378e+02, 9.08272743e-01,
       4.68997589e+02, 3.98513428e+02, 6.89305246e-01, 4.69941864e+02,
       4.01076508e+02, 7.40154982e-01, 4.71155945e+02, 4.03234894e+02,
       7.49640107e-01, 4.72909637e+02, 4.05258362e+02, 7.11403608e-01,
       4.75067993e+02, 4.07416748e+02, 6.89587653e-01, 4.77496185e+02,
       4.08900635e+02, 7.60399520e-01, 4.80463959e+02, 4.09844910e+02,
       7.13466763e-01, 4.83701508e+02, 4.08495941e+02, 6.99810266e-01,
       4.86264587e+02, 4.05663055e+02, 5.96170664e-01, 4.88962555e+02,
       4.02290588e+02, 4.63686585e-01, 4.90446442e+02, 3.98783234e+02,
       2.93510735e-01, 4.92604797e+02, 3.95815460e+02, 8.24118629e-02,
       4.93144409e+02, 3.95275879e+02, 4.68527973e-02, 4.87208862e+02,
       3.89205444e+02, 2.28592511e-02, 4.86264587e+02, 3.87586670e+02,
       7.72414878e-02, 4.84376007e+02, 3.85967896e+02, 9.22584981e-02,
       4.66704315e+02, 3.92038330e+02, 7.69263327e-01, 4.67783478e+02,
       3.91228912e+02, 6.99780285e-01, 4.68997589e+02, 3.90824219e+02,
       6.19236410e-01, 4.70481445e+02, 3.90554443e+02, 3.69125754e-01,
       4.71695557e+02, 3.91228912e+02, 3.06353450e-01, 4.72504944e+02,
       3.90554443e+02, 2.00253412e-01, 4.72909637e+02, 3.89475250e+02,
       2.62396336e-01, 4.73044525e+02, 3.89340363e+02, 3.30925584e-01,
       4.72774719e+02, 3.89475250e+02, 3.57008219e-01, 4.73044525e+02,
       3.89340363e+02, 3.19114715e-01, 4.72235138e+02, 3.93387299e+02,
       5.16004860e-01, 4.72370026e+02, 3.94601379e+02, 6.29129112e-01,
       4.73044525e+02, 3.95815460e+02, 7.66033590e-01, 4.73314331e+02,
       3.97164459e+02, 7.25279629e-01, 4.74123718e+02, 3.99322845e+02,
       7.96185970e-01, 4.74528412e+02, 3.99187927e+02, 7.97658563e-01,
       4.75472687e+02, 3.99053040e+02, 9.02132988e-01, 4.76282104e+02,
       3.98243652e+02, 7.59568810e-01, 4.76551880e+02, 3.97973846e+02,
       5.89596927e-01, 4.68997589e+02, 3.94871185e+02, 6.96560621e-01,
       4.69806976e+02, 3.93926880e+02, 6.02731705e-01, 4.70751251e+02,
       3.93657104e+02, 5.37625313e-01, 4.71290863e+02, 3.93657104e+02,
       4.77032900e-01, 4.70751251e+02, 3.94601379e+02, 5.49266279e-01,
       4.69941864e+02, 3.94871185e+02, 7.09618270e-01, 4.75472687e+02,
       3.91228912e+02, 3.58687848e-01, 4.76147186e+02, 3.90689331e+02,
       4.30695027e-01, 4.76551880e+02, 3.90419525e+02, 4.54290271e-01,
       4.77496185e+02, 3.89745056e+02, 3.93075913e-01, 4.76551880e+02,
       3.90554443e+02, 4.94765073e-01, 4.76282104e+02, 3.90689331e+02,
       5.00328183e-01, 4.75472687e+02, 4.03504669e+02, 8.40203881e-01,
       4.75607605e+02, 4.02290588e+02, 9.08892572e-01, 4.76282104e+02,
       4.01211426e+02, 8.61749887e-01, 4.76956573e+02, 4.01076508e+02,
       8.37403178e-01, 4.77765961e+02, 4.00267120e+02, 8.29141140e-01,
       4.79789459e+02, 4.00132233e+02, 7.95048833e-01, 4.81678040e+02,
       4.00402008e+02, 3.78886372e-01, 4.80868652e+02, 4.01346313e+02,
       7.22254336e-01, 4.79789459e+02, 4.02560394e+02, 8.07294011e-01,
       4.78845154e+02, 4.03369781e+02, 8.27237248e-01, 4.78035767e+02,
       4.03639587e+02, 8.00395548e-01, 4.76821686e+02, 4.03909393e+02,
       7.88690805e-01, 4.76282104e+02, 4.03369781e+02, 8.38718057e-01,
       4.77361267e+02, 4.02290588e+02, 8.56249750e-01, 4.77765961e+02,
       4.02020813e+02, 7.86977708e-01, 4.78710266e+02, 4.01346313e+02,
       8.61973584e-01, 4.80598846e+02, 4.00941620e+02, 4.80897278e-01,
       4.78710266e+02, 4.01346313e+02, 8.23798001e-01, 4.77765961e+02,
       4.02020813e+02, 7.80467272e-01, 4.77361267e+02, 4.02290588e+02,
       8.15842688e-01, 4.70076752e+02, 3.93926880e+02, 4.67442721e-01,
       4.76416992e+02, 3.90554443e+02, 5.04356742e-01, 1.32795807e+02,
       3.90272278e+02, 3.87967050e-01, 1.33350403e+02, 3.93599854e+02,
       3.69467437e-01, 1.34015915e+02, 3.96705566e+02, 4.16055679e-01,
       1.34903275e+02, 3.99922211e+02, 4.64334756e-01, 1.35790619e+02,
       4.03360718e+02, 5.62801421e-01, 1.36788895e+02, 4.06133667e+02,
       7.47689545e-01, 1.39229095e+02, 4.08684814e+02, 6.98035836e-01,
       1.42112991e+02, 4.10348602e+02, 7.33894765e-01, 1.45662399e+02,
       4.10459503e+02, 8.10249805e-01, 1.48768127e+02, 4.09683075e+02,
       6.93107486e-01, 1.51762924e+02, 4.07797455e+02, 7.07415342e-01,
       1.53759476e+02, 4.05246338e+02, 6.15750432e-01, 1.55090500e+02,
       4.02695190e+02, 4.82490927e-01, 1.56088760e+02, 4.00587738e+02,
       4.18285668e-01, 1.56754272e+02, 3.97925690e+02, 3.20183188e-01,
       1.57197952e+02, 3.95485474e+02, 2.91251034e-01, 1.58085297e+02,
       3.93378021e+02, 1.94118097e-01, 1.35901535e+02, 3.86944733e+02,
       6.27612054e-01, 1.37676239e+02, 3.86501038e+02, 7.28805661e-01,
       1.39561859e+02, 3.86501038e+02, 8.07664692e-01, 1.41336563e+02,
       3.86722870e+02, 7.15126157e-01, 1.43000336e+02, 3.88053925e+02,
       5.88044643e-01, 1.47326172e+02, 3.87499329e+02, 5.38183570e-01,
       1.49211792e+02, 3.86611969e+02, 6.44155741e-01, 1.51097412e+02,
       3.86057373e+02, 6.81345403e-01, 1.53537628e+02, 3.86501038e+02,
       7.01506495e-01, 1.55423248e+02, 3.87499329e+02, 6.13852859e-01,
       1.45551483e+02, 3.90383209e+02, 5.54427326e-01, 1.45884232e+02,
       3.92601593e+02, 5.76917946e-01, 1.46660660e+02, 3.94819946e+02,
       3.16510856e-01, 1.46993423e+02, 3.97371094e+02, 2.44570479e-01,
       1.43000336e+02, 3.98480286e+02, 6.69808865e-01, 1.44331375e+02,
       3.99034882e+02, 6.72412336e-01, 1.45773315e+02, 3.99811310e+02,
       4.97573406e-01, 1.46771576e+02, 3.99034882e+02, 4.24970984e-01,
       1.47548019e+02, 3.99034882e+02, 3.91999930e-01, 1.38563583e+02,
       3.89828613e+02, 6.43605173e-01, 1.39561859e+02, 3.89384949e+02,
       7.09986925e-01, 1.40781967e+02, 3.89828613e+02, 6.91006362e-01,
       1.41558395e+02, 3.90383209e+02, 7.54507303e-01, 1.40449203e+02,
       3.90272278e+02, 7.84466922e-01, 1.39561859e+02, 3.90161377e+02,
       8.25327754e-01, 1.50210068e+02, 3.91048706e+02, 6.25606894e-01,
       1.51097412e+02, 3.90715973e+02, 6.83945954e-01, 1.52428436e+02,
       3.90826874e+02, 6.84044838e-01, 1.53426712e+02, 3.91603302e+02,
       6.42872691e-01, 1.52095688e+02, 3.91825165e+02, 7.51701474e-01,
       1.51097412e+02, 3.91603302e+02, 7.71054566e-01, 1.40781967e+02,
       4.03138885e+02, 7.59876549e-01, 1.42556671e+02, 4.02473358e+02,
       8.07226241e-01, 1.44109528e+02, 4.02140594e+02, 6.78544641e-01,
       1.45551483e+02, 4.02584290e+02, 6.01939082e-01, 1.46660660e+02,
       4.02473358e+02, 6.39170110e-01, 1.47991684e+02, 4.02695190e+02,
       5.45935214e-01, 1.49211792e+02, 4.02584290e+02, 3.96877199e-01,
       1.47880768e+02, 4.03915314e+02, 5.62952161e-01, 1.46549744e+02,
       4.04358978e+02, 6.25977099e-01, 1.45440552e+02, 4.04469910e+02,
       5.99662662e-01, 1.44109528e+02, 4.04248047e+02, 6.20965719e-01,
       1.42445755e+02, 4.03582550e+02, 7.02987671e-01, 1.41558395e+02,
       4.03027954e+02, 7.35376000e-01, 1.44109528e+02, 4.03027954e+02,
       6.76823378e-01, 1.45551483e+02, 4.03249786e+02, 6.02370799e-01,
       1.46549744e+02, 4.03249786e+02, 5.75188339e-01, 1.48435364e+02,
       4.02695190e+02, 4.57118660e-01, 1.46549744e+02, 4.03360718e+02,
       5.83299935e-01, 1.45551483e+02, 4.03471619e+02, 6.07109964e-01,
       1.44109528e+02, 4.03138885e+02, 6.77111506e-01, 1.40338287e+02,
       3.89939545e+02, 6.88367903e-01, 1.51873856e+02, 3.91048706e+02,
       7.69092858e-01, 0., 0., 0., 0., 0., 0., 0., 0., 0., 0., 0., 0.,
       0., 0., 0., 0., 0., 0., 0., 0., 0., 0., 0., 0., 0., 0., 0., 0.,
       0., 0., 0., 0., 0., 0., 0., 0., 0., 0., 0., 0., 0., 0., 0., 0.,
       0., 0., 0., 0., 0., 0., 0., 0., 0., 0., 0., 0., 0., 0., 0., 0.,
       0., 0., 0., 0., 0., 0., 0., 0., 0., 0., 0., 0., 0., 0., 0., 0.,
       0., 0., 0., 0., 0., 0., 0., 0., 0., 0., 0., 0., 0., 0., 0., 0.,
