%YAML:1.0
---
hand_left_0: !!opencv-matrix
   rows: 3
   cols: 21
   dt: "3f"
   data: [ 2.69460785e+02, 4.07087433e+02, 4.89998907e-02,
       2.81379883e+02, 4.20637573e+02, 1.50560327e-02, 2.79748871e+02,
       4.14866211e+02, 1.84228532e-02, 2.80376190e+02, 4.14740753e+02,
       9.08121653e-03, 2.85394745e+02, 4.09722198e+02, 6.38711872e-03,
       2.74102966e+02, 4.14489838e+02, 1.06500071e-02, 2.77866882e+02,
       4.09596710e+02, 4.63911146e-03, 2.85520203e+02, 4.09345795e+02,
       5.91883482e-03, 2.85771149e+02, 4.09345795e+02, 4.41819010e-03,
       2.74730286e+02, 4.14991699e+02, 6.27563428e-03, 2.78745148e+02,
       4.09847656e+02, 2.53372709e-03, 2.85269287e+02, 4.09471252e+02,
       4.04603221e-03, 2.85771149e+02, 4.09596710e+02, 3.19913006e-03,
       2.74981201e+02, 4.15117157e+02, 5.52318338e-03, 2.79121552e+02,
       4.10098572e+02, 3.50612565e-03, 2.79247009e+02, 4.10098572e+02,
       5.12746256e-03, 2.85143829e+02, 4.09722198e+02, 2.70307390e-03,
       2.77992371e+02, 4.15619019e+02, 6.47766981e-03, 2.79497925e+02,
       4.16873657e+02, 7.52004050e-03, 2.79623383e+02, 4.15619019e+02,
       4.91424650e-03, 2.83136383e+02, 4.16999115e+02, 3.27710598e-03,
       3.30013672e+02, 3.17822266e+02, 1.24785163e-01, 3.32637024e+02,
       3.21903046e+02, 1.70685902e-01, 3.36426331e+02, 3.19279694e+02,
       1.17033303e-01, 3.39341187e+02, 3.19862671e+02, 6.13194518e-02,
       3.20103210e+02, 2.90131256e+02, 3.77445258e-02, 3.26515869e+02,
       2.98584290e+02, 4.41921204e-01, 3.21852112e+02, 2.90131256e+02,
       5.05920529e-01, 3.17479828e+02, 2.83427094e+02, 4.65547651e-01,
       3.16896881e+02, 2.80512268e+02, 1.31097898e-01, 3.20977661e+02,
       2.98584290e+02, 5.06726921e-01, 3.15147980e+02, 2.88673828e+02,
       4.45123762e-01, 3.07860870e+02, 2.77597412e+02, 4.01886553e-01,
       3.02614136e+02, 2.71767731e+02, 3.46368700e-01, 3.17188354e+02,
       3.00916168e+02, 6.11070693e-01, 3.10484222e+02, 2.90131256e+02,
       4.03170049e-01, 3.03488586e+02, 2.83427094e+02, 4.21597242e-01,
       2.98824829e+02, 2.78180389e+02, 2.79668212e-01, 3.13107574e+02,
       3.03831024e+02, 5.43301582e-01, 3.05820465e+02, 2.95669464e+02,
       6.22767448e-01, 3.00573730e+02, 2.91588684e+02, 6.56052291e-01,
       2.95910004e+02, 2.89548279e+02, 6.22633457e-01, 0., 0., 0., 0.,
       0., 0., 0., 0., 0., 0., 0., 0., 0., 0., 0., 0., 0., 0., 0., 0.,
       0., 0., 0., 0., 0., 0., 0., 0., 0., 0., 0., 0., 0., 0., 0., 0.,
       0., 0., 0., 0., 0., 0., 0., 0., 0., 0., 0., 0., 0., 0., 0., 0.,
       0., 0., 0., 0., 0., 0., 0., 0., 0., 0., 0. ]
