%YAML:1.0
---
hand_right_0: !!opencv-matrix
   rows: 6
   cols: 21
   dt: "3f"
   data: [ 6.07203796e+02, 3.22952209e+02, 1.27947956e-01,
       6.10912781e+02, 3.14739502e+02, 2.63179481e-01, 6.18595642e+02,
       3.09176025e+02, 2.99764484e-01, 6.24688965e+02, 3.06791687e+02,
       2.91302979e-01, 6.29987488e+02, 3.04407349e+02, 4.36782807e-01,
       6.24953857e+02, 3.11030518e+02, 3.89978558e-01, 6.32901672e+02,
       3.12885010e+02, 4.51946795e-01, 6.37670349e+02, 3.15004425e+02,
       5.46616971e-01, 6.39524841e+02, 3.15799194e+02, 4.31140840e-01,
       6.26013611e+02, 3.16064117e+02, 4.46943998e-01, 6.35021118e+02,
       3.19508179e+02, 4.89421338e-01, 6.37405457e+02, 3.22157440e+02,
       3.80435050e-01, 6.36875610e+02, 3.24011932e+02, 3.32327574e-01,
       6.26013611e+02, 3.21892517e+02, 4.65761751e-01, 6.34756165e+02,
       3.25866425e+02, 5.66381812e-01, 6.34756165e+02, 3.27191040e+02,
       4.21248764e-01, 6.32636780e+02, 3.27191040e+02, 3.17391068e-01,
       6.26013611e+02, 3.27985809e+02, 4.86070991e-01, 6.30517334e+02,
       3.29840302e+02, 5.72601140e-01, 6.28927795e+02, 3.30370178e+02,
       5.74659467e-01, 6.26808350e+02, 3.30370178e+02, 5.69902062e-01,
       5.00407074e+02, 3.27096436e+02, 2.00345162e-02, 5.02018890e+02,
       3.43483368e+02, 4.02734764e-02, 4.90198792e+02, 3.43214752e+02,
       3.25069912e-02, 4.88318329e+02, 3.41065643e+02, 3.41216996e-02,
       4.84288757e+02, 3.43214752e+02, 2.57231612e-02, 4.89930176e+02,
       3.42140198e+02, 3.76823097e-02, 4.87512421e+02, 3.42140198e+02,
       2.15307903e-02, 4.85631958e+02, 3.41602905e+02, 3.36598344e-02,
       4.82408295e+02, 3.45363861e+02, 2.01866012e-02, 4.85900574e+02,
       3.51005249e+02, 1.57882385e-02, 4.86437866e+02, 3.51005249e+02,
       1.57037321e-02, 4.84020111e+02, 3.49662079e+02, 3.25537510e-02,
       4.83482849e+02, 3.49124786e+02, 2.07233708e-02, 4.83214203e+02,
       3.48318878e+02, 1.73901729e-02, 4.84557404e+02, 3.49930695e+02,
       1.38447173e-02, 4.81333740e+02, 3.53423004e+02, 1.73734799e-02,
       4.84288757e+02, 3.48856140e+02, 2.13650018e-02, 4.82945557e+02,
       3.48050232e+02, 1.20327547e-02, 4.78915985e+02, 3.58795776e+02,
       1.00307884e-02, 4.77841431e+02, 3.58527130e+02, 2.06693895e-02,
       4.79990540e+02, 3.55840759e+02, 1.12569546e-02, 0., 0., 0., 0.,
       0., 0., 0., 0., 0., 0., 0., 0., 0., 0., 0., 0., 0., 0., 0., 0.,
       0., 0., 0., 0., 0., 0., 0., 0., 0., 0., 0., 0., 0., 0., 0., 0.,
       0., 0., 0., 0., 0., 0., 0., 0., 0., 0., 0., 0., 0., 0., 0., 0.,
       0., 0., 0., 0., 0., 0., 0., 0., 0., 0., 0., 1.87398819e+02,
       2.24806274e+02, 2.58441627e-01, 1.88107803e+02, 2.18898041e+02,
       1.38485193e-01, 1.92125412e+02, 2.09208542e+02, 8.13504383e-02,
       1.99924271e+02, 2.04718292e+02, 5.15591353e-02, 2.04178207e+02,
       2.07081573e+02, 3.81668955e-02, 1.89525787e+02, 2.06608917e+02,
       5.79921484e-01, 1.83853882e+02, 1.99755371e+02, 6.68213367e-01,
       1.79599960e+02, 1.95974106e+02, 7.15673566e-01, 1.74873367e+02,
       1.93374481e+02, 8.24575961e-01, 1.84562866e+02, 2.08972214e+02,
       5.66003084e-01, 1.78181976e+02, 2.02354996e+02, 6.27815187e-01,
       1.73219055e+02, 1.99282715e+02, 7.91803241e-01, 1.68728806e+02,
       1.95737778e+02, 8.02556992e-01, 1.81017929e+02, 2.12044495e+02,
       5.36143899e-01, 1.75818680e+02, 2.06845245e+02, 6.00784540e-01,
       1.70855774e+02, 2.04009293e+02, 8.34431589e-01, 1.67074493e+02,
       2.01409668e+02, 8.08675528e-01, 1.77236664e+02, 2.15116776e+02,
       6.56587780e-01, 1.73455399e+02, 2.12044495e+02, 6.61986291e-01,
       1.70383102e+02, 2.10390182e+02, 7.65868068e-01, 1.67783493e+02,
       2.08972214e+02, 8.11785340e-01, 5.61698364e+02, 2.56495728e+02,
       1.63261015e-02, 5.50843323e+02, 2.08900314e+02, 1.03442548e-02,
       5.53904968e+02, 2.12797012e+02, 1.77908111e-02, 5.88140259e+02,
       1.99158554e+02, 3.00890692e-02, 5.57244995e+02, 2.07230286e+02,
       1.18319392e-02, 5.53348328e+02, 2.14745361e+02, 2.78984904e-02,
       5.52513306e+02, 2.16972046e+02, 2.83196270e-02, 5.48894958e+02,
       2.19198730e+02, 1.38457157e-02, 5.82573547e+02, 1.94705185e+02,
       1.21505335e-02, 5.53626648e+02, 2.30888824e+02, 1.83760058e-02,
       5.54461670e+02, 2.34785538e+02, 2.55015120e-02, 5.50843323e+02,
       2.42857269e+02, 1.25229768e-02, 5.46668274e+02, 2.22817093e+02,
       5.44897374e-03, 5.55853333e+02, 2.32558853e+02, 1.98992323e-02,
       5.50008301e+02, 2.40908920e+02, 1.87225267e-02, 5.49729980e+02,
       2.41465591e+02, 1.49587840e-02, 5.83686890e+02, 1.94705185e+02,
       2.50076018e-02, 5.93985352e+02, 2.02776917e+02, 3.08881979e-02,
       5.88418640e+02, 1.98601883e+02, 4.92417626e-02, 5.85913574e+02,
       1.96931870e+02, 9.12243575e-02, 5.83965271e+02, 1.94426849e+02,
       1.16183840e-01, 2.89623627e+02, 3.85106750e+02, 1.88049171e-02,
       2.89365601e+02, 3.90525421e+02, 2.42893938e-02, 2.85753143e+02,
       3.98782440e+02, 3.13296132e-02, 2.71561401e+02, 3.99298492e+02,
       2.37893779e-02, 2.94784241e+02, 3.89235260e+02, 1.98052097e-02,
       2.79560394e+02, 3.95944092e+02, 3.92813720e-02, 2.72077484e+02,
       3.99298492e+02, 5.63915893e-02, 2.69497162e+02, 3.99298492e+02,
       4.67440970e-02, 2.64594543e+02, 4.01104706e+02, 2.04195473e-02,
       2.79818420e+02, 3.99040466e+02, 4.33634408e-02, 2.74657776e+02,
       4.03685028e+02, 5.10958992e-02, 2.71045349e+02, 4.09103699e+02,
       3.14825997e-02, 2.69239136e+02, 4.10651886e+02, 1.72193553e-02,
       2.83946930e+02, 4.00330627e+02, 6.02660738e-02, 2.79044312e+02,
       4.05491272e+02, 4.61615808e-02, 2.74141724e+02, 4.11684021e+02,
       3.37775685e-02, 2.71045349e+02, 4.11425995e+02, 1.54739870e-02,
       2.85237091e+02, 4.02394867e+02, 7.31448755e-02, 2.82140717e+02,
       4.07813538e+02, 4.61985096e-02, 2.81108582e+02, 4.11684021e+02,
       5.41165099e-02, 2.80592529e+02, 4.11684021e+02, 1.89235136e-02 ]
