%YAML:1.0
---
hand_right_0: !!opencv-matrix
   rows: 3
   cols: 21
   dt: "3f"
   data: [ 1.24942604e+02, 3.38809235e+02, 1.12994276e-01,
       1.27477264e+02, 3.32818237e+02, 2.58708805e-01, 1.38076721e+02,
       3.28440216e+02, 2.67886519e-01, 1.44298141e+02, 3.27288086e+02,
       2.17370823e-01, 1.48215332e+02, 3.30053162e+02, 1.09268695e-01,
       1.44298141e+02, 3.24062164e+02, 5.85720062e-01, 1.53745499e+02,
       3.23140472e+02, 4.02080178e-01, 1.59045227e+02, 3.23140472e+02,
       2.69633770e-01, 1.63884109e+02, 3.23370911e+02, 1.52914271e-01,
       1.45911102e+02, 3.28440216e+02, 6.15192652e-01, 1.55588882e+02,
       3.32818237e+02, 5.30659854e-01, 1.51902115e+02, 3.44108978e+02,
       2.17901692e-01, 1.48445755e+02, 3.46182770e+02, 1.67873979e-01,
       1.44989410e+02, 3.33279083e+02, 7.15782881e-01, 1.52823807e+02,
       3.40191772e+02, 8.17928553e-01, 1.51210831e+02, 3.46413208e+02,
       5.16896009e-01, 1.46602371e+02, 3.49178284e+02, 3.15442443e-01,
       1.43837296e+02, 3.38809235e+02, 6.73065186e-01, 1.48676178e+02,
       3.43878540e+02, 6.53802931e-01, 1.48215332e+02, 3.48717438e+02,
       6.40924096e-01, 1.44528564e+02, 3.49869537e+02, 6.20235324e-01,
       3.72921692e+02, 3.33304810e+02, 3.81930135e-02, 3.78741577e+02,
       3.42937744e+02, 6.20842492e-03, 3.59877106e+02, 3.70231049e+02,
       9.16536804e-03, 3.59877106e+02, 3.70231049e+02, 1.01532415e-02,
       3.60479156e+02, 3.70431732e+02, 8.20558332e-03, 3.60880524e+02,
       3.70231049e+02, 1.85349844e-02, 3.60278473e+02, 3.69829651e+02,
       1.15404082e-02, 3.58873657e+02, 3.70431732e+02, 8.52019433e-03,
       3.58271606e+02, 3.70030334e+02, 7.08721811e-03, 3.59475708e+02,
       3.70231049e+02, 7.82392360e-03, 3.58271606e+02, 3.69628967e+02,
       8.82076845e-03, 3.83959412e+02, 3.59795349e+02, 7.56714400e-03,
       3.57870239e+02, 3.70030334e+02, 3.51778441e-03, 3.59475708e+02,
       3.70231049e+02, 7.20638456e-03, 3.58271606e+02, 3.69829651e+02,
       8.59934185e-03, 3.58672974e+02, 3.70833099e+02, 7.77770625e-03,
       3.59877106e+02, 3.74445435e+02, 5.53969014e-03, 3.61081207e+02,
       3.71234467e+02, 8.70840065e-03, 3.59475708e+02, 3.70431732e+02,
       8.74834042e-03, 3.59475708e+02, 3.71033783e+02, 8.54863413e-03,
       3.60077789e+02, 3.74044067e+02, 6.49586739e-03, 2.50411743e+02,
       4.13150940e+02, 2.30621397e-02, 2.48645752e+02, 4.18127808e+02,
       2.64112018e-02, 2.46237595e+02, 4.20696503e+02, 2.35218666e-02,
       2.57957336e+02, 4.20375427e+02, 1.59829874e-02, 2.52980453e+02,
       4.30489716e+02, 7.77130108e-03, 2.47521942e+02, 4.20857056e+02,
       2.30689142e-02, 2.54104263e+02, 4.26636658e+02, 3.79969925e-02,
       2.52338272e+02, 4.30489716e+02, 4.38227654e-02, 2.51535553e+02,
       4.34984955e+02, 1.03533659e-02, 2.53943726e+02, 4.25191742e+02,
       1.13738533e-02, 2.53783173e+02, 4.26315552e+02, 3.43895182e-02,
       2.51214462e+02, 4.31131897e+02, 2.47781835e-02, 2.51375015e+02,
       4.34984955e+02, 8.82300735e-03, 2.57636230e+02, 4.19893799e+02,
       9.46218241e-03, 2.52498825e+02, 4.25031219e+02, 2.19239928e-02,
       2.51375015e+02, 4.30329163e+02, 1.43177295e-02, 2.48806305e+02,
       4.36269318e+02, 1.21373963e-02, 2.58438965e+02, 4.20214874e+02,
       1.19431401e-02, 2.58760040e+02, 4.21820312e+02, 2.01897882e-02,
       2.56512421e+02, 4.26155029e+02, 1.31549099e-02, 2.48806305e+02,
       4.36429871e+02, 1.24963708e-02 ]
