%YAML:1.0
---
hand_left_0: !!opencv-matrix
   rows: 4
   cols: 21
   dt: "3f"
   data: [ 3.10839996e+02, 4.25605865e+02, 1.88949704e-02,
       3.07081818e+02, 4.25442474e+02, 1.73086990e-02, 3.11166779e+02,
       4.07958862e+02, 2.45541930e-02, 3.10839996e+02, 4.09592865e+02,
       1.29605280e-02, 3.27016418e+02, 4.10573242e+02, 8.44380818e-03,
       3.28977173e+02, 4.10246460e+02, 2.50594448e-02, 3.29467377e+02,
       4.09102661e+02, 1.28987394e-02, 3.05774658e+02, 4.13187622e+02,
       1.60541926e-02, 3.07245239e+02, 4.35246368e+02, 6.35026675e-03,
       3.10676605e+02, 4.09266052e+02, 7.59076094e-03, 3.06918427e+02,
       4.26422852e+02, 3.51791736e-03, 3.05447845e+02, 4.13187622e+02,
       5.45765692e-03, 3.08389008e+02, 4.34265991e+02, 3.43122147e-03,
       3.10513184e+02, 4.09429443e+02, 6.99911593e-03, 3.06918427e+02,
       4.26422852e+02, 4.62606456e-03, 3.03650482e+02, 4.12860809e+02,
       6.02139067e-03, 3.03650482e+02, 4.11880432e+02, 4.48930683e-03,
       3.09532806e+02, 4.10083038e+02, 1.08225262e-02, 3.10349792e+02,
       4.10246460e+02, 1.25337783e-02, 3.04957642e+02, 4.13024200e+02,
       7.97215570e-03, 3.03977264e+02, 4.11880432e+02, 6.44091656e-03,
       4.43416138e+02, 3.80058411e+02, 3.09109669e-02, 4.35731140e+02,
       3.80058411e+02, 1.65208932e-02, 4.35901917e+02, 3.80058411e+02,
       1.85190458e-02, 4.49222565e+02, 3.69640961e+02, 1.92016512e-02,
       4.49734894e+02, 3.71007202e+02, 1.68524161e-02, 4.29070801e+02,
       3.47269104e+02, 1.44866128e-02, 4.48027130e+02, 3.62809875e+02,
       1.57979280e-02, 4.50930359e+02, 3.67250092e+02, 1.45246312e-02,
       4.51101135e+02, 3.75447418e+02, 1.28635205e-02, 4.49734894e+02,
       3.68274750e+02, 9.88697261e-03, 4.48197906e+02, 3.65713074e+02,
       1.17319329e-02, 4.49393341e+02, 3.68445526e+02, 1.82416365e-02,
       4.49734894e+02, 3.75788971e+02, 1.60816181e-02, 4.50588806e+02,
       3.68445526e+02, 8.87885876e-03, 4.47856354e+02, 3.67591644e+02,
       9.15851444e-03, 4.49734894e+02, 3.70665649e+02, 1.20829977e-02,
       4.49734894e+02, 3.75959747e+02, 1.73247568e-02, 4.51101135e+02,
       3.68787079e+02, 8.26118886e-03, 4.52125793e+02, 3.63322205e+02,
       9.28414147e-03, 4.52296570e+02, 3.63663757e+02, 1.18939383e-02,
       4.50930359e+02, 3.75788971e+02, 1.08185895e-02, 0., 0., 0., 0.,
       0., 0., 0., 0., 0., 0., 0., 0., 0., 0., 0., 0., 0., 0., 0., 0.,
       0., 0., 0., 0., 0., 0., 0., 0., 0., 0., 0., 0., 0., 0., 0., 0.,
       0., 0., 0., 0., 0., 0., 0., 0., 0., 0., 0., 0., 0., 0., 0., 0.,
       0., 0., 0., 0., 0., 0., 0., 0., 0., 0., 0., 0., 0., 0., 0., 0.,
       0., 0., 0., 0., 0., 0., 0., 0., 0., 0., 0., 0., 0., 0., 0., 0.,
       0., 0., 0., 0., 0., 0., 0., 0., 0., 0., 0., 0., 0., 0., 0., 0.,
       0., 0., 0., 0., 0., 0., 0., 0., 0., 0., 0., 0., 0., 0., 0., 0.,
       0., 0., 0., 0., 0., 0., 0., 0., 0., 0. ]
