%YAML:1.0
---
face_0: !!opencv-matrix
   rows: 1
   cols: 70
   dt: "3f"
   data: [ 2.61805389e+02, 3.67196075e+02, 2.04909574e-02,
       2.67880524e+02, 3.70436157e+02, 1.70082655e-02, 3.03926392e+02,
       4.33212646e+02, 1.23377573e-02, 2.65045471e+02, 3.82181427e+02,
       4.34605889e-02, 3.07571472e+02, 3.97166779e+02, 9.77887213e-03,
       2.97851257e+02, 3.35605316e+02, 2.00758893e-02, 3.13646606e+02,
       3.89876617e+02, 8.05903599e-03, 2.98256256e+02, 3.35200317e+02,
       5.57829114e-03, 2.98256256e+02, 3.35200317e+02, 3.96371027e-03,
       3.10001526e+02, 3.41275452e+02, 7.26788887e-04, 2.98256256e+02,
       3.35200317e+02, 3.54721356e-04, 3.10001526e+02, 3.41275452e+02,
       4.40511270e-04, 3.23366852e+02, 3.76916290e+02, 5.99981053e-04,
       3.23366852e+02, 3.76916290e+02, 1.90931428e-02, 3.23366852e+02,
       3.73676239e+02, 5.95833827e-03, 3.23366852e+02, 3.72866211e+02,
       3.78906261e-03, 3.10001526e+02, 3.41275452e+02, 9.40261185e-02,
       2.85295959e+02, 3.44920532e+02, 7.73917809e-02, 3.16076691e+02,
       3.64361023e+02, 1.78441051e-02, 3.14051636e+02, 3.64361023e+02,
       4.13901359e-03, 2.98256256e+02, 3.35200317e+02, 7.94601999e-03,
       3.16886688e+02, 3.67196075e+02, 5.76066901e-04, 3.16886688e+02,
       3.67196075e+02, 1.51343920e-04, 3.04331390e+02, 3.39250427e+02,
       -1.04239152e-05, 2.99876282e+02, 3.34795319e+02, 1.89533312e-04,
       2.99876282e+02, 3.34795319e+02, -1.02180253e-04, 3.04331390e+02,
       3.34795319e+02, 6.23673499e-02, 3.69942963e+02, 4.33212646e+02,
       1.50135439e-03, 3.69942963e+02, 4.33212646e+02, 1.01290154e-03,
       3.69942963e+02, 4.33212646e+02, 1.71267500e-04, 2.97851257e+02,
       3.35200317e+02, 1.10804634e-04, 3.10001526e+02, 3.41275452e+02,
       2.76105529e-05, 2.63425446e+02, 3.81371399e+02, 2.57601088e-04,
       3.10001526e+02, 3.41275452e+02, 3.06216651e-04, 3.16886688e+02,
       3.67196075e+02, 9.30311653e-05, 2.63830444e+02, 3.81776428e+02,
       6.32616066e-05, 3.16886688e+02, 3.67196075e+02, 2.03847028e-02,
       3.16886688e+02, 3.67196075e+02, 4.75202054e-02, 3.16886688e+02,
       3.67196075e+02, 3.51761165e-03, 3.16886688e+02, 3.67196075e+02,
       1.08064711e-03, 3.16886688e+02, 3.67196075e+02, 2.47738976e-03,
       3.16886688e+02, 3.67196075e+02, 6.07400481e-03, 3.14051636e+02,
       3.64361023e+02, 4.33033565e-05, 3.10001526e+02, 3.41275452e+02,
       -5.82456014e-05, 3.16886688e+02, 3.67196075e+02, -7.10525637e-06,
       3.16886688e+02, 3.67196075e+02, 1.19934441e-04, 3.16886688e+02,
       3.67601074e+02, 2.07345129e-05, 3.14456635e+02, 3.64766022e+02,
       1.73857188e-05, 2.64235443e+02, 3.81776428e+02, 1.56715498e-04,
       2.98256256e+02, 3.35200317e+02, 1.04997700e-04, 3.10001526e+02,
       3.41275452e+02, 2.56573490e-04, 2.98256256e+02, 3.35200317e+02,
       4.78877686e-04, 2.98256256e+02, 3.35200317e+02, 1.30318862e-04,
       2.98256256e+02, 3.35200317e+02, 3.06893227e-04, 3.10001526e+02,
       3.41275452e+02, 7.89986952e-05, 2.98256256e+02, 3.35200317e+02,
       4.75972658e-04, 3.16886688e+02, 3.67196075e+02, 1.28934524e-04,
       2.98256256e+02, 3.35200317e+02, 8.68038973e-04, 3.07571472e+02,
       3.97166779e+02, 4.18027375e-05, 2.63425446e+02, 3.81371399e+02,
       7.12407636e-05, 3.07571472e+02, 3.97166779e+02, 1.24707876e-04,
       3.16886688e+02, 3.66791077e+02, 1.48167019e-03, 3.16886688e+02,
       3.66791077e+02, 2.88949697e-03, 3.10001526e+02, 3.41275452e+02,
       1.64250159e-04, 2.98256256e+02, 3.35200317e+02, 6.85879495e-04,
       2.93396149e+02, 3.34390289e+02, 5.17287001e-04, 2.98256256e+02,
       3.35200317e+02, 3.05990293e-03, 3.16886688e+02, 3.67196075e+02,
       3.92824411e-04, 3.16481689e+02, 3.60310913e+02, 5.13749314e-04,
       3.16886688e+02, 3.68006104e+02, 9.26597568e-05 ]
