%YAML:1.0
---
pose_0: !!opencv-matrix
   rows: 4
   cols: 25
   dt: "3f"
   data: [ 3.07809845e+02, 2.68289154e+02, 9.04160500e-01,
       3.23165222e+02, 3.12219086e+02, 8.74638557e-01, 2.85832825e+02,
       3.14399841e+02, 7.90504813e-01, 2.81489410e+02, 3.64876007e+02,
       4.26019341e-01, 2.92483276e+02, 4.06591156e+02, 4.45840180e-01,
       3.58324066e+02, 3.10072449e+02, 8.46172869e-01, 3.75760376e+02,
       3.75874664e+02, 6.17209315e-01, 3.25458221e+02, 4.08746490e+02,
       6.29520416e-01, 3.27606934e+02, 4.11016357e+02, 6.57906413e-01,
       3.05629333e+02, 4.11030548e+02, 7.11489737e-01, 3.09972168e+02,
       4.50535461e+02, 1.55732751e-01, 0., 0., 0., 3.56105469e+02,
       4.11012115e+02, 6.03178144e-01, 0., 0., 0., 0., 0., 0.,
       3.03366211e+02, 2.59568604e+02, 8.63353789e-01, 3.18747192e+02,
       2.57277374e+02, 8.70757461e-01, 2.90210052e+02, 2.72639648e+02,
       5.31889558e-01, 3.34149933e+02, 2.68250549e+02, 8.31067324e-01,
       0., 0., 0., 0., 0., 0., 0., 0., 0., 0., 0., 0., 0., 0., 0., 0.,
       0., 0., 2.57362976e+02, 2.70482269e+02, 9.37035620e-01,
       2.19927383e+02, 3.20914825e+02, 8.87820423e-01, 1.82712585e+02,
       3.23092987e+02, 8.67019773e-01, 1.82675247e+02, 3.93354004e+02,
       9.19209242e-01, 2.37555054e+02, 3.75751373e+02, 8.87631297e-01,
       2.55089188e+02, 3.16551300e+02, 8.21165144e-01, 2.72668884e+02,
       3.88981628e+02, 5.91124654e-01, 2.70430298e+02, 3.73698578e+02,
       6.72816873e-01, 2.17750244e+02, 4.35153778e+02, 6.50887132e-01,
       1.87041901e+02, 4.39500183e+02, 6.14388704e-01, 2.02425461e+02,
       4.90020386e+02, 4.09052908e-01, 2.15604889e+02, 5.93135864e+02,
       2.68500000e-01, 2.46319122e+02, 4.32916443e+02, 6.20901048e-01,
       2.83665436e+02, 4.68048248e+02, 3.36181313e-01, 2.55196548e+02,
       5.66845154e+02, 1.68090716e-01, 2.50682159e+02, 2.59513245e+02,
       8.55404437e-01, 2.68235474e+02, 2.66110687e+02, 6.76757276e-01,
       2.17808945e+02, 2.68216248e+02, 8.82653236e-01, 0., 0., 0.,
       2.63897797e+02, 5.86571716e+02, 1.12643465e-01, 2.66112671e+02,
       5.86540894e+02, 1.31628215e-01, 2.52955460e+02, 5.71209534e+02,
       1.40240639e-01, 2.41972610e+02, 6.32695618e+02, 2.62341946e-01,
       2.31001495e+02, 6.34844971e+02, 2.48866096e-01, 2.15586044e+02,
       5.99755066e+02, 1.60470515e-01, 3.75798645e+02, 2.24431076e+02,
       8.70458245e-01, 3.56034576e+02, 2.57295837e+02, 8.10304821e-01,
       3.20997101e+02, 2.55158905e+02, 6.89400017e-01, 0., 0., 0., 0.,
       0., 0., 3.84653717e+02, 2.59521423e+02, 7.58104146e-01,
       3.91213684e+02, 3.07764221e+02, 7.55937770e-02, 0., 0., 0.,
       3.60464630e+02, 3.42817352e+02, 7.76671767e-02, 3.51678650e+02,
       3.42877655e+02, 8.19670558e-02, 0., 0., 0., 0., 0., 0., 0., 0.,
       0., 0., 0., 0., 0., 0., 0., 3.67058777e+02, 2.17867599e+02,
       8.75308514e-01, 3.78075287e+02, 2.20038086e+02, 8.96480143e-01,
       3.45088409e+02, 2.17826416e+02, 7.68183351e-01, 0., 0., 0., 0.,
       0., 0., 0., 0., 0., 0., 0., 0., 0., 0., 0., 0., 0., 0., 0., 0.,
       0., 4.28585754e+02, 2.85852966e+02, 8.83734941e-01,
       4.15418610e+02, 3.40719452e+02, 8.77745986e-01, 3.78160095e+02,
       3.42880188e+02, 8.92224908e-01, 3.40832397e+02, 3.95617950e+02,
       9.14573193e-01, 3.77961212e+02, 4.02199860e+02, 8.86968136e-01,
       4.59270111e+02, 3.34117645e+02, 7.81053245e-01, 4.94334137e+02,
       3.95659332e+02, 7.94984043e-01, 4.81192505e+02, 4.54865875e+02,
       8.49685252e-01, 4.28577148e+02, 4.61475861e+02, 7.16482222e-01,
       4.00048126e+02, 4.61482239e+02, 6.66700304e-01, 3.71463623e+02,
       5.20733521e+02, 2.97010392e-01, 3.23109100e+02, 6.19457153e+02,
       3.99970412e-01, 4.54854706e+02, 4.61436218e+02, 6.52378917e-01,
       4.74594513e+02, 5.25139526e+02, 2.50950634e-01, 4.83379211e+02,
       5.88749756e+02, 2.01136038e-01, 4.13083527e+02, 2.85860626e+02,
       8.99006665e-01, 4.54864014e+02, 2.70598419e+02, 8.47217560e-01,
       3.93446228e+02, 2.94616577e+02, 9.03470576e-01, 4.76863708e+02,
       2.79315063e+02, 7.80523121e-01, 4.63669373e+02, 6.06359802e+02,
       1.75911278e-01, 4.87774139e+02, 6.06307556e+02, 1.65859342e-01,
       4.81252594e+02, 5.90993164e+02, 1.36907816e-01, 3.07897461e+02,
       6.56744629e+02, 4.35999453e-01, 3.01232147e+02, 6.48015015e+02,
       4.06324059e-01, 3.23142975e+02, 6.23921204e+02, 2.86230862e-01 ]
