%YAML:1.0
---
face_0: !!opencv-matrix
   rows: 2
   cols: 70
   dt: "3f"
   data: [ 2.69089478e+02, 1.73822342e+02, 6.16473317e-01,
       2.68200775e+02, 1.78088058e+02, 7.22313881e-01, 2.68023041e+02,
       1.82531525e+02, 7.15326250e-01, 2.68200775e+02, 1.86797241e+02,
       7.38456845e-01, 2.69089478e+02, 1.91062958e+02, 7.66836643e-01,
       2.70689117e+02, 1.95328674e+02, 8.27187657e-01, 2.73355194e+02,
       1.99238907e+02, 7.64619946e-01, 2.76554474e+02, 2.02260468e+02,
       8.38844895e-01, 2.80820190e+02, 2.03860107e+02, 8.68995965e-01,
       2.85263672e+02, 2.03682373e+02, 7.89940417e-01, 2.89173889e+02,
       2.02082733e+02, 8.29536259e-01, 2.92195435e+02, 1.99594391e+02,
       8.15237761e-01, 2.95039276e+02, 1.96750580e+02, 8.17007720e-01,
       2.97705322e+02, 1.93551285e+02, 8.10525060e-01, 2.99660461e+02,
       1.89641052e+02, 7.56218791e-01, 3.01793304e+02, 1.85553070e+02,
       7.70081878e-01, 3.02326538e+02, 1.81287354e+02, 6.83862329e-01,
       2.73888397e+02, 1.70623062e+02, 7.32901216e-01, 2.76554474e+02,
       1.69556625e+02, 8.69688869e-01, 2.79398285e+02, 1.69734360e+02,
       9.13666904e-01, 2.82242096e+02, 1.70978531e+02, 9.60653901e-01,
       2.84374969e+02, 1.72578171e+02, 8.61576438e-01, 2.89707123e+02,
       1.74888779e+02, 7.63498902e-01, 2.92195435e+02, 1.74000076e+02,
       9.01742220e-01, 2.95039276e+02, 1.74000076e+02, 9.11631465e-01,
       2.97705322e+02, 1.74888779e+02, 8.60927463e-01, 2.99660461e+02,
       1.76488419e+02, 7.94275880e-01, 2.86330078e+02, 1.77910324e+02,
       9.38939989e-01, 2.85085907e+02, 1.80931870e+02, 9.65001464e-01,
       2.84730438e+02, 1.83953430e+02, 9.34914351e-01, 2.83664001e+02,
       1.86974976e+02, 8.06374311e-01, 2.80820190e+02, 1.88041397e+02,
       7.97097564e-01, 2.82064362e+02, 1.88396881e+02, 8.53531778e-01,
       2.83308533e+02, 1.89463318e+02, 9.45450664e-01, 2.84908173e+02,
       1.89463318e+02, 8.67288709e-01, 2.86330078e+02, 1.89285568e+02,
       7.45094895e-01, 2.75665802e+02, 1.76488419e+02, 8.47338974e-01,
       2.77443176e+02, 1.76666153e+02, 9.03408170e-01, 2.79220551e+02,
       1.76843887e+02, 9.69332814e-01, 2.80820190e+02, 1.77554840e+02,
       8.44069839e-01, 2.79220551e+02, 1.77377106e+02, 9.00221586e-01,
       2.77265442e+02, 1.77021637e+02, 8.93326581e-01, 2.90595795e+02,
       1.80398666e+02, 8.47598970e-01, 2.92373199e+02, 1.79865448e+02,
       8.23196828e-01, 2.94861511e+02, 1.80754135e+02, 8.41144621e-01,
       2.96283417e+02, 1.81287354e+02, 8.46148729e-01, 2.94506042e+02,
       1.81642822e+02, 7.79560983e-01, 2.92195435e+02, 1.81109619e+02,
       9.13879454e-01, 2.77798645e+02, 1.92662598e+02, 8.67112875e-01,
       2.79576019e+02, 1.91951645e+02, 8.72451067e-01, 2.81353424e+02,
       1.91240692e+02, 7.93973386e-01, 2.82419830e+02, 1.92307129e+02,
       8.77008319e-01, 2.83664001e+02, 1.92307129e+02, 9.33352590e-01,
       2.85263672e+02, 1.92840332e+02, 8.98934305e-01, 2.86863312e+02,
       1.94084503e+02, 8.79308760e-01, 2.85085907e+02, 1.95328674e+02,
       9.57567036e-01, 2.83486267e+02, 1.95684143e+02, 8.36052477e-01,
       2.82064362e+02, 1.95506409e+02, 8.54682684e-01, 2.80642456e+02,
       1.95328674e+02, 9.38615084e-01, 2.79042816e+02, 1.94439987e+02,
       8.31829250e-01, 2.79042816e+02, 1.93018082e+02, 8.59432340e-01,
       2.80820190e+02, 1.93195816e+02, 8.70954931e-01, 2.82242096e+02,
       1.93551285e+02, 9.03281748e-01, 2.83486267e+02, 1.93729034e+02,
       9.51285720e-01, 2.86152344e+02, 1.94084503e+02, 9.26300585e-01,
       2.83486267e+02, 1.93729034e+02, 9.37428772e-01, 2.82242096e+02,
       1.93729034e+02, 9.20806408e-01, 2.80820190e+02, 1.93551285e+02,
       9.00421381e-01, 2.77976379e+02, 1.76843887e+02, 9.42418158e-01,
       2.93439606e+02, 1.80931870e+02, 8.56721282e-01, 0., 0., 0., 0.,
       0., 0., 0., 0., 0., 0., 0., 0., 0., 0., 0., 0., 0., 0., 0., 0.,
       0., 0., 0., 0., 0., 0., 0., 0., 0., 0., 0., 0., 0., 0., 0., 0.,
       0., 0., 0., 0., 0., 0., 0., 0., 0., 0., 0., 0., 0., 0., 0., 0.,
       0., 0., 0., 0., 0., 0., 0., 0., 0., 0., 0., 0., 0., 0., 0., 0.,
       0., 0., 0., 0., 0., 0., 0., 0., 0., 0., 0., 0., 0., 0., 0., 0.,
       0., 0., 0., 0., 0., 0., 0., 0., 0., 0., 0., 0., 0., 0., 0., 0.,
       0., 0., 0., 0., 0., 0., 0., 0., 0., 0., 0., 0., 0., 0., 0., 0.,
       0., 0., 0., 0., 0., 0., 0., 0., 0., 0., 0., 0., 0., 0., 0., 0.,
       0., 0., 0., 0., 0., 0., 0., 0., 0., 0., 0., 0., 0., 0., 0., 0.,
       0., 0., 0., 0., 0., 0., 0., 0., 0., 0., 0., 0., 0., 0., 0., 0.,
       0., 0., 0., 0., 0., 0., 0., 0., 0., 0., 0., 0., 0., 0., 0., 0.,
       0., 0., 0., 0., 0., 0., 0., 0., 0., 0., 0., 0., 0., 0., 0., 0.,
       0., 0., 0., 0., 0., 0., 0., 0., 0., 0., 0., 0., 0., 0. ]
