%YAML:1.0
---
pose_0: !!opencv-matrix
   rows: 4
   cols: 25
   dt: "3f"
   data: [ 3.68057373e+02, 3.65850677e+02, 8.51416528e-01,
       3.54836121e+02, 3.94370850e+02, 8.29170823e-01, 3.35069122e+02,
       3.92329865e+02, 8.21807265e-01, 3.39508392e+02, 4.23069977e+02,
       7.39702225e-01, 3.63742004e+02, 4.20939606e+02, 5.90370417e-01,
       3.70309875e+02, 3.92337402e+02, 7.75429249e-01, 3.90050446e+02,
       4.18720886e+02, 6.73208237e-01, 3.76875519e+02, 4.25347931e+02,
       5.91034472e-01, 3.39464874e+02, 4.49522949e+02, 4.50023383e-01,
       3.24045959e+02, 4.49450409e+02, 4.72440660e-01, 3.26280212e+02,
       4.60488373e+02, 2.53153324e-01, 0., 0., 0., 3.54861786e+02,
       4.49561157e+02, 4.44646955e-01, 3.81300903e+02, 4.62676788e+02,
       2.13649139e-01, 3.90074463e+02, 5.35405457e+02, 1.16094626e-01,
       3.61429016e+02, 3.61379944e+02, 9.51004028e-01, 3.74675873e+02,
       3.61443420e+02, 9.22784030e-01, 3.41748016e+02, 3.61528961e+02,
       9.28844690e-01, 0., 0., 0., 0., 0., 0., 0., 0., 0.,
       3.90075134e+02, 5.37608093e+02, 8.13267455e-02, 0., 0., 0., 0.,
       0., 0., 0., 0., 0., 3.06419586e+02, 2.77886383e+02,
       8.86412680e-01, 2.71182587e+02, 3.28450745e+02, 8.78942132e-01,
       2.18428192e+02, 3.26199921e+02, 8.23098242e-01, 1.85492538e+02,
       4.09940765e+02, 7.04231799e-01, 2.51449600e+02, 3.96818268e+02,
       8.35041285e-01, 3.24051483e+02, 3.37256805e+02, 7.88957596e-01,
       3.28515228e+02, 3.90092712e+02, 2.88576275e-01, 3.08749939e+02,
       3.24051758e+02, 2.26519734e-01, 2.49234116e+02, 4.62729248e+02,
       3.44412029e-01, 2.18342957e+02, 4.58325378e+02, 3.46898645e-01,
       0., 0., 0., 0., 0., 0., 2.77885803e+02, 4.64960236e+02,
       3.34093958e-01, 0., 0., 0., 0., 0., 0., 3.02056946e+02,
       2.62462036e+02, 8.43913853e-01, 3.17454010e+02, 2.73506683e+02,
       8.64476502e-01, 2.71185516e+02, 2.55778320e+02, 8.19271266e-01,
       0., 0., 0., 0., 0., 0., 0., 0., 0., 0., 0., 0., 0., 0., 0., 0.,
       0., 0., 0., 0., 0., 4.18692078e+02, 2.95431885e+02,
       8.21183324e-01, 4.53895630e+02, 3.21855286e+02, 7.26793885e-01,
       4.20880554e+02, 3.19615479e+02, 6.93277001e-01, 4.16473999e+02,
       3.57085236e+02, 5.63626051e-01, 4.07721954e+02, 3.72462158e+02,
       4.15104210e-01, 4.86921936e+02, 3.23992828e+02, 6.41965449e-01,
       4.86936951e+02, 3.94463013e+02, 2.40682691e-01, 4.40736969e+02,
       3.70295410e+02, 2.09008962e-01, 4.62744904e+02, 4.31904327e+02,
       3.08229625e-01, 4.34161987e+02, 4.29731415e+02, 3.09464872e-01,
       4.07703278e+02, 4.69347168e+02, 1.19359039e-01, 4.20901276e+02,
       5.28764221e+02, 6.65192455e-02, 4.86928070e+02, 4.31949005e+02,
       2.94475704e-01, 4.62758087e+02, 4.91339661e+02, 1.67566821e-01,
       4.78150879e+02, 5.55176331e+02, 8.92820656e-02, 4.12201996e+02,
       2.86585602e+02, 8.41328681e-01, 4.31879852e+02, 2.88742798e+02,
       8.84798706e-01, 0., 0., 0., 4.62677155e+02, 2.80054565e+02,
       6.06621146e-01, 4.71518677e+02, 5.81587463e+02, 6.22040741e-02,
       0., 0., 0., 4.80330139e+02, 5.55214478e+02, 8.58089775e-02,
       4.27507416e+02, 5.41982361e+02, 7.28589594e-02, 4.16551727e+02,
       5.44152039e+02, 7.67586529e-02, 0., 0., 0., 1.83148056e+02,
       2.71241638e+02, 8.67581487e-01, 1.43552094e+02, 3.10821838e+02,
       5.88226497e-01, 1.12749100e+02, 3.06476715e+02, 5.54436266e-01,
       0., 0., 0., 0., 0., 0., 1.74355652e+02, 3.19607269e+02,
       5.63616574e-01, 1.78794083e+02, 3.72468140e+02, 5.21541759e-02,
       0., 0., 0., 1.23752380e+02, 4.16507843e+02, 1.34976387e-01,
       9.73592987e+01, 4.12083801e+02, 1.29229710e-01, 0., 0., 0., 0.,
       0., 0., 1.47977493e+02, 4.23120880e+02, 1.55540437e-01, 0., 0.,
       0., 0., 0., 0., 1.74425873e+02, 2.58019745e+02, 7.95542896e-01,
       1.85376984e+02, 2.66792633e+02, 4.34723437e-01, 1.47981552e+02,
       2.55840332e+02, 8.16352367e-01, 0., 0., 0., 0., 0., 0., 0., 0.,
       0., 0., 0., 0., 0., 0., 0., 0., 0., 0., 0., 0., 0. ]
