%YAML:1.0
---
hand_left_0: !!opencv-matrix
   rows: 2
   cols: 21
   dt: "3f"
   data: [ 3.94722015e+02, 4.11425507e+02, 5.17332196e-01,
       4.00857880e+02, 4.07437195e+02, 4.82465178e-01, 4.03005432e+02,
       4.01608124e+02, 2.22883046e-01, 3.99630707e+02, 3.92097534e+02,
       1.76158205e-01, 3.95949188e+02, 3.87495636e+02, 1.43720493e-01,
       3.98710327e+02, 3.86882050e+02, 6.59703135e-01, 3.94415222e+02,
       3.76757874e+02, 6.54734433e-01, 3.89813324e+02, 3.71849182e+02,
       7.55394757e-01, 3.84904633e+02, 3.70008423e+02, 6.13249719e-01,
       3.92574463e+02, 3.85961670e+02, 7.09812522e-01, 3.86438599e+02,
       3.76451080e+02, 5.91818571e-01, 3.78461975e+02, 3.74917114e+02,
       4.68392193e-01, 3.73553284e+02, 3.77678253e+02, 3.75189543e-01,
       3.87052185e+02, 3.87495636e+02, 7.75055707e-01, 3.79382355e+02,
       3.77985046e+02, 7.30837762e-01, 3.72939697e+02, 3.78598633e+02,
       5.22863626e-01, 3.69871765e+02, 3.80132599e+02, 2.75025547e-01,
       3.81836700e+02, 3.91483948e+02, 6.80089176e-01, 3.73860077e+02,
       3.85041290e+02, 7.65315056e-01, 3.66803833e+02, 3.86882050e+02,
       7.33197927e-01, 3.61281525e+02, 3.89336395e+02, 7.28231370e-01,
       3.03287842e+02, 4.29166901e+02, 2.26520956e-01, 3.06113739e+02,
       4.22102203e+02, 2.77870268e-01, 3.06113739e+02, 4.08326019e+02,
       2.90803343e-01, 3.04347565e+02, 3.98082184e+02, 1.83257192e-01,
       2.97636078e+02, 3.94549835e+02, 1.10904507e-01, 2.92337555e+02,
       3.93843353e+02, 7.36800313e-01, 2.85272827e+02, 3.86072174e+02,
       6.91327155e-01, 2.81034027e+02, 3.82893036e+02, 8.62992406e-01,
       2.77148438e+02, 3.82539825e+02, 7.53516436e-01, 2.85272827e+02,
       3.97022461e+02, 7.52387464e-01, 2.76088715e+02, 3.89251282e+02,
       7.04355836e-01, 2.70436951e+02, 3.86425415e+02, 7.62501001e-01,
       2.66904602e+02, 3.85365692e+02, 5.62918305e-01, 2.80680786e+02,
       4.02674225e+02, 7.50059366e-01, 2.70436951e+02, 3.97022461e+02,
       7.15825438e-01, 2.66904602e+02, 3.96316010e+02, 7.57074118e-01,
       2.64078705e+02, 3.96316010e+02, 6.38700783e-01, 2.76795197e+02,
       4.10798645e+02, 6.55210733e-01, 2.66551361e+02, 4.07972778e+02,
       7.72854090e-01, 2.61252838e+02, 4.06206604e+02, 8.27568293e-01,
       2.56307526e+02, 4.05146881e+02, 7.27515459e-01 ]
