%YAML:1.0
---
pose_0: !!opencv-matrix
   rows: 7
   cols: 25
   dt: "3f"
   data: [ 4.60462921e+02, 2.35837677e+02, 9.74963069e-01,
       4.40792358e+02, 2.72996643e+02, 8.37417066e-01, 3.95052673e+02,
       2.70803894e+02, 7.54987121e-01, 3.73188904e+02, 2.96934204e+02,
       7.23091960e-02, 0., 0., 0., 4.79993256e+02, 2.81674469e+02,
       8.27200055e-01, 5.17051270e+02, 3.38418823e+02, 8.62943470e-01,
       4.84358276e+02, 3.03350800e+02, 7.97529697e-01, 0., 0., 0., 0.,
       0., 0., 0., 0., 0., 0., 0., 0., 0., 0., 0., 0., 0., 0., 0., 0.,
       0., 4.49536804e+02, 2.22840698e+02, 8.54430199e-01,
       4.66962128e+02, 2.31447571e+02, 8.28294754e-01, 4.27772095e+02,
       2.31442245e+02, 8.10505271e-01, 4.77927612e+02, 2.33813400e+02,
       1.15246929e-01, 0., 0., 0., 0., 0., 0., 0., 0., 0., 0., 0., 0.,
       0., 0., 0., 0., 0., 0., 2.81648987e+02, 2.99059509e+02,
       8.41506004e-01, 2.99131653e+02, 3.40469238e+02, 8.76964450e-01,
       2.53378052e+02, 3.40496185e+02, 7.97468364e-01, 2.22785431e+02,
       3.99402161e+02, 7.73637056e-01, 2.64235626e+02, 4.08086884e+02,
       6.76697850e-01, 3.40520508e+02, 3.40432495e+02, 8.57400954e-01,
       3.60107513e+02, 4.10311249e+02, 7.87032425e-01, 3.03530212e+02,
       4.12407623e+02, 8.77876818e-01, 2.88232300e+02, 4.56018219e+02,
       5.37925661e-01, 2.55557480e+02, 4.51674347e+02, 5.08713424e-01,
       0., 0., 0., 0., 0., 0., 3.23009369e+02, 4.56027283e+02,
       5.28181851e-01, 3.05692627e+02, 4.86540619e+02, 1.44575804e-01,
       0., 0., 0., 2.70856323e+02, 2.86119507e+02, 9.43563521e-01,
       2.88241974e+02, 2.88179382e+02, 9.28072870e-01, 0., 0., 0.,
       3.10006073e+02, 2.90364655e+02, 7.97614336e-01, 0., 0., 0., 0.,
       0., 0., 0., 0., 0., 0., 0., 0., 0., 0., 0., 0., 0., 0.,
       1.72703445e+02, 2.68657471e+02, 8.86509299e-01, 1.48639481e+02,
       3.05547699e+02, 8.28997910e-01, 1.13812096e+02, 3.03349365e+02,
       7.15717494e-01, 8.98424683e+01, 3.53592041e+02, 2.47115731e-01,
       1.42180954e+02, 3.40509399e+02, 1.34023234e-01, 1.81437378e+02,
       3.05674805e+02, 7.69908905e-01, 1.98809692e+02, 3.42739014e+02,
       1.96434483e-01, 0., 0., 0., 1.31271805e+02, 4.08085175e+02,
       1.32239282e-01, 1.11679100e+02, 4.08095428e+02, 1.50360912e-01,
       0., 0., 0., 0., 0., 0., 1.48730392e+02, 4.08064087e+02,
       1.04855940e-01, 0., 0., 0., 0., 0., 0., 1.66031754e+02,
       2.55596573e+02, 8.98260891e-01, 1.81374222e+02, 2.64253876e+02,
       8.99071813e-01, 1.44266724e+02, 2.59879822e+02, 7.63008416e-01,
       0., 0., 0., 0., 0., 0., 0., 0., 0., 0., 0., 0., 0., 0., 0., 0.,
       0., 0., 0., 0., 0., 5.27919495e+02, 5.27950378e+02,
       8.00099432e-01, 5.17137756e+02, 5.47505371e+02, 8.45620990e-01,
       4.99670715e+02, 5.36731445e+02, 7.86084712e-01, 4.80144073e+02,
       5.32355408e+02, 7.72979438e-01, 4.75594604e+02, 5.10514709e+02,
       6.81903541e-01, 5.34532349e+02, 5.49872559e+02, 8.31739247e-01,
       5.30049377e+02, 5.82449707e+02, 8.04680109e-01, 4.95342407e+02,
       5.69418518e+02, 7.62128711e-01, 5.14830017e+02, 5.99770630e+02,
       6.74015164e-01, 4.97531189e+02, 5.95508667e+02, 6.37632847e-01,
       5.14799500e+02, 6.06404358e+02, 4.83385742e-01, 5.27920227e+02,
       6.43500122e+02, 2.36161083e-01, 5.30108398e+02, 5.99882080e+02,
       6.36378169e-01, 5.41025757e+02, 6.12939392e+02, 2.68547207e-01,
       5.30141968e+02, 6.39125916e+02, 1.35183856e-01, 5.21465759e+02,
       5.17147766e+02, 7.74957299e-01, 5.32235779e+02, 5.23630676e+02,
       8.16985607e-01, 5.14860107e+02, 5.19279236e+02, 6.83763862e-01,
       5.38847412e+02, 5.30129333e+02, 7.19626069e-01, 0., 0., 0., 0.,
       0., 0., 5.34490967e+02, 6.41312195e+02, 9.26734582e-02, 0., 0.,
       0., 0., 0., 0., 5.30114868e+02, 6.47830994e+02, 1.72776148e-01,
       2.35934723e+02, 3.57942261e+02, 9.27343071e-01, 1.83635895e+02,
       3.75338593e+02, 7.00329721e-01, 1.81461975e+02, 3.77591461e+02,
       8.55110347e-01, 1.81366455e+02, 4.56008667e+02, 8.34558606e-01,
       2.33723053e+02, 4.45127869e+02, 7.63299167e-01, 1.92323624e+02,
       3.73171265e+02, 4.83168960e-01, 0., 0., 0., 0., 0., 0.,
       1.31315384e+02, 4.93050873e+02, 6.01568103e-01, 1.18226967e+02,
       4.95309937e+02, 6.43254638e-01, 2.16223709e+02, 4.95314819e+02,
       8.47618937e-01, 1.53114639e+02, 6.15065430e+02, 7.79883265e-01,
       1.48684860e+02, 4.84359344e+02, 5.22340834e-01, 2.33772629e+02,
       4.95201996e+02, 5.40301085e-01, 2.59845764e+02, 6.23870178e+02,
       7.54729092e-01, 2.33813049e+02, 3.47019989e+02, 8.99391651e-01,
       2.44595688e+02, 3.51352173e+02, 2.45287299e-01, 2.14083801e+02,
       3.38271942e+02, 8.45523238e-01, 0., 0., 0., 3.12188995e+02,
       6.50005005e+02, 6.77067578e-01, 3.18738342e+02, 6.41307129e+02,
       6.04295850e-01, 2.53283310e+02, 6.36948486e+02, 8.15644145e-01,
       1.87965088e+02, 6.49968079e+02, 7.42842615e-01, 1.70519135e+02,
       6.47794250e+02, 7.07750022e-01, 1.44361359e+02, 6.17244629e+02,
       7.33917058e-01, 3.73124451e+02, 3.12205414e+02, 8.28259468e-01,
       4.10288971e+02, 3.38390289e+02, 8.42315197e-01, 3.73139618e+02,
       3.40465698e+02, 7.83381820e-01, 3.47058441e+02, 3.90677429e+02,
       1.75397724e-01, 0., 0., 0., 4.51686401e+02, 3.38324280e+02,
       8.01239789e-01, 4.95260834e+02, 4.08028229e+02, 8.25574577e-01,
       4.79924866e+02, 4.77797180e+02, 8.69575858e-01, 4.23335907e+02,
       4.51642365e+02, 6.76877141e-01, 3.92846497e+02, 4.49480286e+02,
       6.50546014e-01, 3.25296112e+02, 4.90862274e+02, 4.36038166e-01,
       3.23086182e+02, 6.02085815e+02, 2.71994978e-01, 4.47385254e+02,
       4.53822998e+02, 6.52769744e-01, 3.90543640e+02, 5.08331024e+02,
       7.42702127e-01, 3.57952850e+02, 6.12926392e+02, 3.38257164e-01,
       3.66704193e+02, 3.05584412e+02, 4.29930478e-01, 3.75322845e+02,
       3.03425934e+02, 9.04692829e-01, 0., 0., 0., 3.95068726e+02,
       2.90384064e+02, 8.06588233e-01, 0., 0., 0., 0., 0., 0.,
       3.53583771e+02, 6.17274170e+02, 1.80807918e-01, 3.23071533e+02,
       6.34831299e+02, 1.58285454e-01, 3.16515350e+02, 6.32588196e+02,
       1.74044088e-01, 3.27421448e+02, 6.12959900e+02, 2.23481178e-01,
       2.20605179e+02, 2.55517899e+02, 8.37902427e-01, 2.27137634e+02,
       3.03369843e+02, 3.21143508e-01, 1.94444092e+02, 2.96900360e+02,
       3.70433092e-01, 0., 0., 0., 0., 0., 0., 2.64253540e+02,
       3.05585144e+02, 2.69352376e-01, 0., 0., 0., 0., 0., 0., 0., 0.,
       0., 0., 0., 0., 0., 0., 0., 0., 0., 0., 0., 0., 0., 0., 0., 0.,
       0., 0., 0., 2.16365723e+02, 2.51086212e+02, 8.14043999e-01,
       2.33681107e+02, 2.51120514e+02, 8.75083327e-01, 2.11904037e+02,
       2.53406998e+02, 6.31601289e-02, 2.51156082e+02, 2.55553818e+02,
       6.30618155e-01, 0., 0., 0., 0., 0., 0., 0., 0., 0., 0., 0., 0.,
       0., 0., 0., 0., 0., 0. ]
