%YAML:1.0
---
hand_left_0: !!opencv-matrix
   rows: 3
   cols: 21
   dt: "3f"
   data: [ 4.60770996e+02, 1.77054794e+02, 2.93615699e-01,
       4.58659576e+02, 1.70912567e+02, 1.76116243e-01, 4.52133484e+02,
       1.67073669e+02, 9.62361395e-02, 4.43304016e+02, 1.69377014e+02,
       8.38875026e-02, 4.41960419e+02, 1.74559509e+02, 6.56924620e-02,
       4.40040955e+02, 1.69760895e+02, 3.61597657e-01, 4.33706787e+02,
       1.72256180e+02, 4.60537255e-01, 4.29100128e+02, 1.73023956e+02,
       2.97127873e-01, 4.24301514e+02, 1.74751450e+02, 1.40181646e-01,
       4.39465118e+02, 1.74559509e+02, 4.94933635e-01, 4.32747070e+02,
       1.76862854e+02, 5.10855794e-01, 4.26796783e+02, 1.79933960e+02,
       5.54240227e-01, 4.22765961e+02, 1.82045349e+02, 3.85435730e-01,
       4.40616791e+02, 1.79742020e+02, 5.46246409e-01, 4.34666504e+02,
       1.81469513e+02, 4.85509694e-01, 4.29100128e+02, 1.83772858e+02,
       5.32605946e-01, 4.24493439e+02, 1.86268127e+02, 3.60477030e-01,
       4.42344299e+02, 1.84540634e+02, 5.58437705e-01, 4.35242340e+02,
       1.86652023e+02, 5.48718989e-01, 4.32171234e+02, 1.87419800e+02,
       5.36131740e-01, 4.29292053e+02, 1.87803696e+02, 4.39987242e-01,
       0., 0., 0., 0., 0., 0., 0., 0., 0., 0., 0., 0., 0., 0., 0., 0.,
       0., 0., 0., 0., 0., 0., 0., 0., 0., 0., 0., 0., 0., 0., 0., 0.,
       0., 0., 0., 0., 0., 0., 0., 0., 0., 0., 0., 0., 0., 0., 0., 0.,
       0., 0., 0., 0., 0., 0., 0., 0., 0., 0., 0., 0., 0., 0., 0.,
       2.82142273e+02, 3.07005157e+02, 2.56392211e-01, 2.79593353e+02,
       2.99995605e+02, 3.23171407e-01, 2.69079010e+02, 2.92986053e+02,
       2.64676094e-01, 2.59520508e+02, 2.91074341e+02, 1.98145673e-01,
       2.55059891e+02, 2.93941895e+02, 1.46708176e-01, 2.69397614e+02,
       2.89799866e+02, 6.05057359e-01, 2.57927429e+02, 2.88844025e+02,
       4.54553246e-01, 2.52510956e+02, 2.90437103e+02, 4.16682988e-01,
       2.50280640e+02, 2.92986053e+02, 3.55219036e-01, 2.68123169e+02,
       2.95216339e+02, 6.36262894e-01, 2.56015747e+02, 2.95534973e+02,
       4.93826777e-01, 2.49962036e+02, 2.97765289e+02, 5.81496179e-01,
       2.46138641e+02, 2.99039734e+02, 4.70058322e-01, 2.67804535e+02,
       3.00951447e+02, 6.79324567e-01, 2.55697128e+02, 3.01270050e+02,
       5.83971918e-01, 2.49643417e+02, 3.02863159e+02, 5.48649251e-01,
       2.44864166e+02, 3.02863159e+02, 6.29266798e-01, 2.65892853e+02,
       3.07642395e+02, 6.85479164e-01, 2.55697128e+02, 3.05730682e+02,
       6.66715801e-01, 2.51236496e+02, 3.05730682e+02, 5.61937153e-01,
       2.47731720e+02, 3.05730682e+02, 4.68549341e-01 ]
