%YAML:1.0
---
pose_0: !!opencv-matrix
   rows: 1
   cols: 25
   dt: "3f"
   data: [ 3.08304871e+02, 2.51406754e+02, 8.93315375e-01,
       3.21419220e+02, 3.03962128e+02, 8.50445509e-01, 2.75578827e+02,
       3.08335388e+02, 7.39691377e-01, 3.01722748e+02, 4.21744293e+02,
       7.86407351e-01, 3.67208008e+02, 4.06467560e+02, 8.15116405e-01,
       3.71514526e+02, 2.99514435e+02, 7.38204956e-01, 4.45842377e+02,
       3.34474182e+02, 7.98174679e-01, 4.28434814e+02, 2.51523666e+02,
       8.72460246e-01, 2.84236389e+02, 4.58868408e+02, 6.02064312e-01,
       2.51467804e+02, 4.58878784e+02, 6.28534675e-01, 2.33994751e+02,
       5.17895325e+02, 5.05807519e-01, 1.75135773e+02, 6.20512695e+02,
       3.27882081e-01, 3.17005005e+02, 4.56699554e+02, 5.53220391e-01,
       3.58422028e+02, 4.80826233e+02, 7.71219194e-01, 3.23669037e+02,
       6.11700378e+02, 6.92429662e-01, 2.97334412e+02, 2.33938293e+02,
       8.47605824e-01, 3.30100159e+02, 2.34028198e+02, 8.67746353e-01,
       2.82090729e+02, 2.38499054e+02, 5.78640163e-01, 3.60655853e+02,
       2.36345566e+02, 6.83367968e-01, 3.45424469e+02, 6.37968567e+02,
       5.96151292e-01, 3.56278656e+02, 6.35668213e+02, 6.96245730e-01,
       3.10472778e+02, 6.20494446e+02, 4.98629838e-01, 1.64247177e+02,
       6.40141235e+02, 2.67535746e-01, 1.53321701e+02, 6.35745544e+02,
       2.86226809e-01, 1.68555435e+02, 6.33543152e+02, 2.14387029e-01 ]
