%YAML:1.0
---
hand_right_0: !!opencv-matrix
   rows: 3
   cols: 21
   dt: "3f"
   data: [ 2.91698608e+02, 4.42704376e+02, 3.78928125e-01,
       2.97122589e+02, 4.39088379e+02, 4.52031940e-01, 3.07970612e+02,
       4.35988953e+02, 5.53558946e-01, 3.17527191e+02, 4.35472382e+02,
       6.50836527e-01, 3.25017487e+02, 4.33922668e+02, 9.36904550e-01,
       3.12619751e+02, 4.36763794e+02, 6.05236471e-01, 3.22951172e+02,
       4.40121521e+02, 8.08403492e-01, 3.28891754e+02, 4.42704376e+02,
       6.42202795e-01, 3.33024323e+02, 4.45287231e+02, 4.32486922e-01,
       3.12619751e+02, 4.41154663e+02, 6.73540652e-01, 3.23209473e+02,
       4.44254089e+02, 6.41522408e-01, 3.29408325e+02, 4.45545532e+02,
       6.30662680e-01, 3.35348907e+02, 4.47611816e+02, 6.03330612e-01,
       3.10553467e+02, 4.44770660e+02, 6.27957523e-01, 3.20626617e+02,
       4.47870087e+02, 5.65453470e-01, 3.26567200e+02, 4.48128387e+02,
       5.02818704e-01, 3.31732910e+02, 4.48903229e+02, 3.03506047e-01,
       3.08487183e+02, 4.49678101e+02, 6.51705325e-01, 3.16752319e+02,
       4.52002686e+02, 6.23710454e-01, 3.20884888e+02, 4.52519257e+02,
       7.12383509e-01, 3.24759186e+02, 4.52777527e+02, 6.69652522e-01,
       3.92127411e+02, 4.51877075e+02, 5.68412319e-02, 3.90553406e+02,
       4.48379303e+02, 3.20224464e-02, 3.82508514e+02, 4.44007050e+02,
       4.63395827e-02, 3.86705841e+02, 4.39634827e+02, 7.17465878e-02,
       3.85131836e+02, 4.41908386e+02, 4.06418368e-02, 3.84782074e+02,
       4.45755951e+02, 5.61469138e-01, 3.85481628e+02, 4.42607941e+02,
       1.98174417e-01, 3.88104950e+02, 4.38235718e+02, 2.17763156e-01,
       3.87930084e+02, 4.42782837e+02, 1.27665728e-01, 3.88279846e+02,
       4.49078857e+02, 6.31123543e-01, 3.92302307e+02, 4.42433075e+02,
       3.72229576e-01, 3.93876312e+02, 4.39809723e+02, 1.65798470e-01,
       3.94750763e+02, 4.42083282e+02, 1.06778890e-01, 3.93001862e+02,
       4.50827759e+02, 6.60606027e-01, 3.96674530e+02, 4.43832184e+02,
       3.07627678e-01, 3.97898773e+02, 4.42607941e+02, 1.41513452e-01,
       3.98248535e+02, 4.43307495e+02, 1.02048367e-01, 3.97723877e+02,
       4.52576630e+02, 6.33692265e-01, 4.01746338e+02, 4.48554199e+02,
       4.44938779e-01, 4.02795654e+02, 4.45406189e+02, 3.49957377e-01,
       4.03320343e+02, 4.44881500e+02, 1.82060033e-01, 0., 0., 0., 0.,
       0., 0., 0., 0., 0., 0., 0., 0., 0., 0., 0., 0., 0., 0., 0., 0.,
       0., 0., 0., 0., 0., 0., 0., 0., 0., 0., 0., 0., 0., 0., 0., 0.,
       0., 0., 0., 0., 0., 0., 0., 0., 0., 0., 0., 0., 0., 0., 0., 0.,
       0., 0., 0., 0., 0., 0., 0., 0., 0., 0., 0. ]
