%YAML:1.0
---
face_0: !!opencv-matrix
   rows: 1
   cols: 70
   dt: "3f"
   data: [ 1.82899460e+02, 2.52561783e+02, 3.62150818e-01,
       1.82899460e+02, 2.61030304e+02, 4.70519900e-01, 1.83576935e+02,
       2.69837555e+02, 4.79453534e-01, 1.85609375e+02, 2.78983551e+02,
       6.04793966e-01, 1.88658051e+02, 2.87113312e+02, 7.36691713e-01,
       1.93739151e+02, 2.94904358e+02, 7.49869943e-01, 1.99497742e+02,
       3.01340424e+02, 7.34761417e-01, 2.04578842e+02, 3.08792694e+02,
       8.18662763e-01, 2.11692398e+02, 3.12180115e+02, 7.92197347e-01,
       2.20838394e+02, 3.13196320e+02, 7.57773459e-01, 2.28968170e+02,
       3.11502625e+02, 7.72744119e-01, 2.37097931e+02, 3.08115234e+02,
       7.48042107e-01, 2.45227707e+02, 3.03711609e+02, 6.64563656e-01,
       2.52002518e+02, 2.97953003e+02, 5.84952235e-01, 2.56744873e+02,
       2.89823242e+02, 5.36523163e-01, 2.60132294e+02, 2.81354736e+02,
       4.41614062e-01, 2.62164734e+02, 2.72886200e+02, 3.57863128e-01,
       1.88319305e+02, 2.48835632e+02, 6.85008705e-01, 1.94077896e+02,
       2.48496902e+02, 7.54133463e-01, 1.99497742e+02, 2.49513123e+02,
       7.82993913e-01, 2.04917587e+02, 2.52561783e+02, 8.31692219e-01,
       2.10337433e+02, 2.56626678e+02, 8.33112895e-01, 2.23548309e+02,
       2.58997864e+02, 5.89750290e-01, 2.29306900e+02, 2.57642883e+02,
       7.12107539e-01, 2.36081711e+02, 2.57981628e+02, 7.69161105e-01,
       2.42517792e+02, 2.60014069e+02, 8.21199179e-01, 2.46921417e+02,
       2.63062744e+02, 6.90119445e-01, 2.15418549e+02, 2.64417694e+02,
       8.65377128e-01, 2.13386108e+02, 2.70853760e+02, 9.10485744e-01,
       2.12708618e+02, 2.76951111e+02, 8.69459331e-01, 2.11014923e+02,
       2.84064636e+02, 8.32754135e-01, 2.05595078e+02, 2.84403381e+02,
       6.61122143e-01, 2.07627518e+02, 2.86774567e+02, 8.12220156e-01,
       2.10676178e+02, 2.87790802e+02, 8.14736009e-01, 2.15079803e+02,
       2.87790802e+02, 8.16513360e-01, 2.18467209e+02, 2.87452057e+02,
       7.66553462e-01, 1.91706711e+02, 2.59675323e+02, 7.47551620e-01,
       1.96449081e+02, 2.61369049e+02, 8.02902460e-01, 2.00852707e+02,
       2.62723999e+02, 8.65155995e-01, 2.04917587e+02, 2.63062744e+02,
       8.29024732e-01, 2.00513962e+02, 2.63062744e+02, 8.41611743e-01,
       1.96110336e+02, 2.62723999e+02, 8.57704580e-01, 2.24903275e+02,
       2.68143860e+02, 8.54485035e-01, 2.29306900e+02, 2.69160065e+02,
       8.64278972e-01, 2.34049271e+02, 2.71192505e+02, 8.72237504e-01,
       2.37436676e+02, 2.71869995e+02, 7.14937985e-01, 2.33710526e+02,
       2.71869995e+02, 7.79928803e-01, 2.28968170e+02, 2.70853760e+02,
       8.57624531e-01, 2.01530182e+02, 2.88807007e+02, 7.93358326e-01,
       2.04917587e+02, 2.89823242e+02, 8.49762619e-01, 2.07966248e+02,
       2.90500732e+02, 7.71589935e-01, 2.10676178e+02, 2.92533173e+02,
       8.48530889e-01, 2.14063583e+02, 2.92533173e+02, 7.96883225e-01,
       2.18467209e+02, 2.93549377e+02, 7.28278279e-01, 2.24225800e+02,
       2.95243073e+02, 5.93077064e-01, 2.18805954e+02, 2.98291748e+02,
       7.98781097e-01, 2.14402328e+02, 3.00324188e+02, 7.62167990e-01,
       2.10337433e+02, 3.00324188e+02, 8.66457343e-01, 2.07288773e+02,
       2.98291748e+02, 9.28833365e-01, 2.03901367e+02, 2.95581818e+02,
       7.87478566e-01, 2.02546402e+02, 2.89823242e+02, 8.32823575e-01,
       2.07627518e+02, 2.93549377e+02, 8.14660788e-01, 2.10337433e+02,
       2.95243073e+02, 8.81210089e-01, 2.14063583e+02, 2.95243073e+02,
       7.82469034e-01, 2.22870834e+02, 2.95243073e+02, 6.14125371e-01,
       2.14063583e+02, 2.95243073e+02, 7.84563482e-01, 2.10337433e+02,
       2.95243073e+02, 8.90687764e-01, 2.07627518e+02, 2.93549377e+02,
       8.34154606e-01, 1.98481522e+02, 2.62723999e+02, 7.87710786e-01,
       2.31678085e+02, 2.70853760e+02, 7.61983514e-01 ]
