%YAML:1.0
---
hand_right_0: !!opencv-matrix
   rows: 1
   cols: 21
   dt: "3f"
   data: [ 1.14828575e+02, 3.83538940e+02, 1.08518731e-02,
       1.04020813e+02, 3.78435272e+02, 1.45436311e-02, 1.14228142e+02,
       3.91044312e+02, 1.29947942e-02, 1.13627708e+02, 3.91344543e+02,
       1.50089366e-02, 1.10625557e+02, 3.93746246e+02, 1.13811577e-02,
       1.13927925e+02, 3.88942810e+02, 2.18206625e-02, 1.03720596e+02,
       3.88642578e+02, 1.94652900e-02, 1.10325340e+02, 3.94646912e+02,
       1.44108422e-02, 1.00418228e+02, 3.98849915e+02, 1.00392299e-02,
       9.35132675e+01, 3.78435272e+02, 1.75913367e-02, 1.01018661e+02,
       3.88642578e+02, 2.70153787e-02, 1.00418228e+02, 3.98849915e+02,
       2.17155293e-02, 9.83167191e+01, 4.00050781e+02, 1.26147904e-02,
       9.26126251e+01, 3.78435272e+02, 2.28144526e-02, 9.80165024e+01,
       3.88642578e+02, 2.30849236e-02, 9.38134842e+01, 3.98249481e+02,
       2.15651188e-02, 9.65154266e+01, 4.02152283e+02, 1.76069848e-02,
       8.78091736e+01, 3.78735474e+02, 3.18234190e-02, 9.23124084e+01,
       3.94046478e+02, 1.40865333e-02, 9.29128418e+01, 3.97649048e+02,
       2.37486027e-02, 9.56147766e+01, 4.02452515e+02, 1.51590351e-02 ]
