%YAML:1.0
---
hand_right_0: !!opencv-matrix
   rows: 1
   cols: 21
   dt: "3f"
   data: [ 4.23828033e+02, 3.55742615e+02, 2.49120325e-01,
       4.31086182e+02, 3.78370972e+02, 7.71619976e-02, 3.76009674e+02,
       4.12953888e+02, 4.31447029e-02, 3.79425262e+02, 4.11673065e+02,
       6.11544475e-02, 3.93941559e+02, 3.95875916e+02, 3.59331667e-02,
       4.08030914e+02, 4.02707092e+02, 1.85421467e-01, 4.07177002e+02,
       4.09538300e+02, 3.93887997e-01, 4.00345795e+02, 4.12526947e+02,
       4.02422220e-01, 3.93087646e+02, 4.12100006e+02, 3.02268386e-01,
       4.14008209e+02, 3.92460297e+02, 3.26479852e-01, 4.07177002e+02,
       4.00145416e+02, 4.33907062e-01, 3.96930206e+02, 4.02707092e+02,
       3.86600673e-01, 3.92660706e+02, 4.03134064e+02, 3.39627713e-01,
       4.11446503e+02, 3.85629120e+02, 5.69388866e-01, 4.04615295e+02,
       3.92460297e+02, 6.04112923e-01, 3.97357147e+02, 3.92887268e+02,
       4.76116478e-01, 3.90525970e+02, 3.91179474e+02, 3.73701155e-01,
       4.08457855e+02, 3.76663177e+02, 5.32273769e-01, 4.02053619e+02,
       3.83067413e+02, 6.93329930e-01, 3.97357147e+02, 3.85629120e+02,
       6.28218532e-01, 3.93087646e+02, 3.87763855e+02, 4.19389129e-01 ]
