%YAML:1.0
---
hand_right_0: !!opencv-matrix
   rows: 4
   cols: 21
   dt: "3f"
   data: [ 3.09678680e+02, 3.98612091e+02, 2.02260334e-02,
       3.14510895e+02, 4.35411407e+02, 2.40492988e-02, 3.10236237e+02,
       4.25375214e+02, 5.82600571e-02, 3.18785583e+02, 4.27047913e+02,
       3.90763991e-02, 2.82172150e+02, 4.07347290e+02, 2.00924985e-02,
       2.92022461e+02, 4.28720612e+02, 5.92429675e-02, 3.09864532e+02,
       4.31508453e+02, 2.45885402e-02, 3.10422089e+02, 4.31694305e+02,
       4.23814580e-02, 3.12280640e+02, 4.32251862e+02, 2.75932290e-02,
       2.98341522e+02, 4.31508453e+02, 3.81268188e-02, 3.06147430e+02,
       4.36154816e+02, 3.86239775e-02, 3.12466492e+02, 4.38199219e+02,
       5.24182506e-02, 3.11537231e+02, 4.37641663e+02, 4.87793684e-02,
       2.97783966e+02, 4.41544617e+02, 5.01899943e-02, 3.04846436e+02,
       4.43031464e+02, 5.90559170e-02, 3.11537231e+02, 4.40615326e+02,
       8.29578340e-02, 3.11351379e+02, 4.40429474e+02, 6.03107549e-02,
       3.03917175e+02, 4.47491974e+02, 5.90818673e-02, 3.06704987e+02,
       4.47491974e+02, 1.15466125e-01, 3.11351379e+02, 4.43774872e+02,
       7.39826113e-02, 3.10422089e+02, 4.43960724e+02, 5.91449924e-02,
       2.42262329e+02, 3.73551025e+02, 5.58128133e-02, 2.41231323e+02,
       3.66076263e+02, 6.38990477e-02, 2.44324341e+02, 3.55508453e+02,
       8.94412473e-02, 2.50768112e+02, 3.50611176e+02, 6.74611032e-02,
       2.56180878e+02, 3.47002686e+02, 3.43899094e-02, 2.46901855e+02,
       3.51642181e+02, 1.68426484e-01, 2.54118881e+02, 3.47518188e+02,
       1.08472444e-01, 2.58500641e+02, 3.46744934e+02, 4.98769134e-02,
       2.59531647e+02, 3.46229431e+02, 1.37972441e-02, 2.49994858e+02,
       3.54219696e+02, 1.41089410e-01, 2.55149887e+02, 3.51384430e+02,
       2.29122061e-02, 2.58758392e+02, 3.47518188e+02, 1.51778823e-02,
       2.64428925e+02, 3.45713928e+02, 9.53627005e-03, 2.51799118e+02,
       3.58085968e+02, 1.19884096e-01, 2.54634384e+02, 3.52415436e+02,
       1.68497860e-02, 2.60562653e+02, 3.47775940e+02, 1.02313617e-02,
       2.64944427e+02, 3.45971680e+02, 1.16996095e-02, 2.54118881e+02,
       3.60921234e+02, 6.89702854e-02, 2.54892136e+02, 3.63240997e+02,
       1.34451343e-02, 2.53861130e+02, 3.70458008e+02, 1.02532329e-02,
       2.54376633e+02, 3.69942505e+02, 8.42317194e-03, 0., 0., 0., 0.,
       0., 0., 0., 0., 0., 0., 0., 0., 0., 0., 0., 0., 0., 0., 0., 0.,
       0., 0., 0., 0., 0., 0., 0., 0., 0., 0., 0., 0., 0., 0., 0., 0.,
       0., 0., 0., 0., 0., 0., 0., 0., 0., 0., 0., 0., 0., 0., 0., 0.,
       0., 0., 0., 0., 0., 0., 0., 0., 0., 0., 0., 3.75755157e+02,
       4.01527588e+02, 2.64412224e-01, 3.84762115e+02, 3.99394348e+02,
       2.48427019e-01, 3.94480164e+02, 4.01053528e+02, 2.34379441e-01,
       4.01827972e+02, 4.03897827e+02, 2.14382604e-01, 4.04198212e+02,
       4.07453217e+02, 1.58702254e-01, 4.05620361e+02, 4.09112396e+02,
       1.48512095e-01, 4.10123840e+02, 4.15749115e+02, 1.41975299e-01,
       4.07990631e+02, 4.11482635e+02, 7.01925978e-02, 4.06094421e+02,
       4.24519043e+02, 7.72516057e-02, 4.01116882e+02, 4.11008606e+02,
       2.05815390e-01, 4.02539032e+02, 4.22148804e+02, 1.35017306e-01,
       3.98983643e+02, 4.20489624e+02, 1.49960011e-01, 3.97561493e+02,
       4.20963654e+02, 1.36874959e-01, 3.95428284e+02, 4.14089935e+02,
       2.75195688e-01, 3.98272583e+02, 4.23096893e+02, 3.26898754e-01,
       3.95191254e+02, 4.23570953e+02, 1.82026565e-01, 3.94006134e+02,
       4.21200684e+02, 1.54290691e-01, 3.89739655e+02, 4.16460175e+02,
       4.57594544e-01, 3.91398834e+02, 4.22385803e+02, 3.33172441e-01,
       3.91161804e+02, 4.24519043e+02, 2.53640980e-01, 3.90924805e+02,
       4.25704163e+02, 1.14287682e-01 ]
