%YAML:1.0
---
pose_0: !!opencv-matrix
   rows: 7
   cols: 25
   dt: "3f"
   data: [ 3.95720795e+02, 2.63890656e+02, 8.68338943e-01,
       4.32887604e+02, 3.34174652e+02, 8.10725629e-01, 3.75751984e+02,
       3.34109009e+02, 7.57218421e-01, 3.40730194e+02, 4.28563110e+02,
       3.94228607e-01, 0., 0., 0., 4.96528625e+02, 3.36327759e+02,
       7.36670732e-01, 5.16252563e+02, 4.63728760e+02, 7.04455614e-01,
       4.45995483e+02, 4.41673004e+02, 7.62449980e-01, 4.28472748e+02,
       5.20700989e+02, 4.14210498e-01, 3.82420959e+02, 5.16380859e+02,
       3.43571186e-01, 0., 0., 0., 0., 0., 0., 4.68057037e+02,
       5.25098633e+02, 3.83295000e-01, 0., 0., 0., 0., 0., 0.,
       3.82426147e+02, 2.52833344e+02, 9.02016163e-01, 4.11030273e+02,
       2.42016083e+02, 8.93930614e-01, 3.75748260e+02, 2.55231415e+02,
       3.40477288e-01, 4.43884583e+02, 2.37635834e+02, 8.69352221e-01,
       0., 0., 0., 0., 0., 0., 0., 0., 0., 0., 0., 0., 0., 0., 0., 0.,
       0., 0., 1.14626465e+02, 2.33096146e+02, 9.23708856e-01,
       1.19026428e+02, 2.74953308e+02, 8.42687249e-01, 7.94633560e+01,
       2.74910767e+02, 8.65348041e-01, 5.97817955e+01, 3.40751617e+02,
       2.55420029e-01, 0., 0., 0., 1.62971207e+02, 2.79238586e+02,
       8.14393401e-01, 1.78287659e+02, 3.38510223e+02, 3.38004857e-01,
       1.82671539e+02, 3.38552277e+02, 2.93746084e-01, 1.19058167e+02,
       3.95663727e+02, 2.80036628e-01, 9.05093384e+01, 3.95642975e+02,
       2.87055612e-01, 1.01498375e+02, 5.22930542e+02, 1.15236022e-01,
       9.70836487e+01, 6.43636963e+02, 1.53063819e-01, 1.49835907e+02,
       3.97842682e+02, 2.80136198e-01, 1.47490601e+02, 5.25116211e+02,
       1.36805102e-01, 0., 0., 0., 1.08011948e+02, 2.20012360e+02,
       9.09245551e-01, 1.27829605e+02, 2.19991501e+02, 9.31199789e-01,
       9.48745651e+01, 2.26578842e+02, 7.11281121e-01, 1.45363052e+02,
       2.26600784e+02, 8.22026074e-01, 0., 0., 0., 0., 0., 0., 0., 0.,
       0., 1.14655678e+02, 6.78753723e+02, 1.48353711e-01,
       1.01474442e+02, 6.74400696e+02, 1.41086861e-01, 9.92919235e+01,
       6.54614136e+02, 1.29531518e-01, 3.01198303e+02, 2.96859314e+02,
       7.90751994e-01, 3.05549133e+02, 3.25391815e+02, 7.11168230e-01,
       2.74899261e+02, 3.25307098e+02, 5.98601043e-01, 2.55106216e+02,
       3.60463806e+02, 9.38328356e-02, 0., 0., 0., 3.27551239e+02,
       3.25311432e+02, 7.19203234e-01, 3.40720673e+02, 3.71450500e+02,
       2.28020027e-01, 0., 0., 0., 3.05598755e+02, 3.99975311e+02,
       2.13341162e-01, 2.88032806e+02, 3.97776947e+02, 1.99437737e-01,
       0., 0., 0., 0., 0., 0., 3.23234772e+02, 3.99975159e+02,
       2.43042096e-01, 0., 0., 0., 0., 0., 0., 2.94600586e+02,
       2.90271027e+02, 8.22412729e-01, 3.05600922e+02, 2.90233093e+02,
       8.37728620e-01, 2.88038818e+02, 2.94621765e+02, 6.27775788e-01,
       3.18728485e+02, 2.96870728e+02, 4.71385181e-01, 0., 0., 0., 0.,
       0., 0., 0., 0., 0., 0., 0., 0., 0., 0., 0., 0., 0., 0.,
       2.00286438e+02, 2.37581024e+02, 9.44294453e-01, 2.04689087e+02,
       2.85849335e+02, 7.90217876e-01, 1.73932251e+02, 2.87955750e+02,
       7.07728624e-01, 0., 0., 0., 0., 0., 0., 2.39785583e+02,
       2.83670532e+02, 6.81849658e-01, 2.48529373e+02, 2.48521133e+02,
       3.95913184e-01, 2.50757629e+02, 2.00184647e+02, 4.91368949e-01,
       2.13408386e+02, 4.13188904e+02, 3.88564438e-01, 1.84929688e+02,
       4.13200592e+02, 3.78389686e-01, 1.95831116e+02, 5.38287598e+02,
       2.01089352e-01, 1.67380478e+02, 6.26119507e+02, 2.25797161e-01,
       2.37529068e+02, 4.13179779e+02, 3.87050062e-01, 2.17829941e+02,
       5.40466248e+02, 2.05379292e-01, 1.73905594e+02, 6.21687317e+02,
       2.01915145e-01, 1.89238358e+02, 2.33111221e+02, 8.70792449e-01,
       2.11193512e+02, 2.28739853e+02, 8.42238545e-01, 1.82765106e+02,
       2.37629547e+02, 3.55050921e-01, 2.30963303e+02, 2.35303513e+02,
       8.40276361e-01, 2.13434204e+02, 6.32643555e+02, 1.52147189e-01,
       0., 0., 0., 1.43164642e+02, 6.39231812e+02, 1.27527609e-01,
       2.06861374e+02, 6.32696899e+02, 2.07385734e-01, 1.95837875e+02,
       6.39269714e+02, 1.87008649e-01, 1.60746552e+02, 6.41451050e+02,
       1.38347849e-01, 2.75006073e+02, 2.74861786e+02, 7.18805373e-01,
       2.72722595e+02, 3.93373749e+02, 3.95737350e-01, 2.35419830e+02,
       3.89053894e+02, 3.27527434e-01, 2.28804153e+02, 4.50489838e+02,
       5.25339060e-02, 0., 0., 0., 3.07764160e+02, 3.93387939e+02,
       3.21210116e-01, 0., 0., 0., 0., 0., 0., 2.74864258e+02,
       5.01035767e+02, 1.76688775e-01, 2.52881531e+02, 5.01025513e+02,
       1.70033365e-01, 2.59529633e+02, 5.73419128e+02, 6.25268295e-02,
       0., 0., 0., 3.03449921e+02, 4.98797455e+02, 1.72977716e-01, 0.,
       0., 0., 0., 0., 0., 2.72675049e+02, 2.68345764e+02,
       7.60737717e-01, 2.88095734e+02, 2.72754211e+02, 7.46035397e-01,
       2.55270264e+02, 2.68274323e+02, 4.31851327e-01, 2.94665924e+02,
       3.60478027e+02, 2.36386627e-01, 0., 0., 0., 0., 0., 0., 0., 0.,
       0., 0., 0., 0., 0., 0., 0., 0., 0., 0., 1.45357452e+02,
       1.34455795e+02, 7.13197052e-01, 1.14629700e+02, 1.78242950e+02,
       3.67970079e-01, 7.73936310e+01, 1.73940125e+02, 3.68081570e-01,
       6.41386719e+01, 2.33134201e+02, 1.23232886e-01, 0., 0., 0.,
       1.54134537e+02, 1.82612823e+02, 3.76970023e-01, 0., 0., 0., 0.,
       0., 0., 0., 0., 0., 0., 0., 0., 0., 0., 0., 0., 0., 0., 0., 0.,
       0., 0., 0., 0., 0., 0., 0., 1.32326935e+02, 1.27783768e+02,
       7.56046653e-01, 1.49776337e+02, 1.30073196e+02, 6.82152629e-01,
       1.10249794e+02, 1.23392616e+02, 6.12412989e-01, 0., 0., 0., 0.,
       0., 0., 0., 0., 0., 0., 0., 0., 0., 0., 0., 0., 0., 0., 0., 0.,
       0., 2.00184921e+02, 1.56354950e+02, 5.65076768e-01,
       2.11176056e+02, 1.82760742e+02, 1.42452776e-01, 1.87111038e+02,
       1.89340958e+02, 1.18368432e-01, 0., 0., 0., 0., 0., 0.,
       2.35397949e+02, 1.82680649e+02, 1.31461442e-01, 0., 0., 0., 0.,
       0., 0., 0., 0., 0., 0., 0., 0., 0., 0., 0., 0., 0., 0., 0., 0.,
       0., 0., 0., 0., 0., 0., 0., 1.87139404e+02, 1.51974716e+02,
       5.35674870e-01, 2.00284485e+02, 1.47667847e+02, 5.99472523e-01,
       1.84796295e+02, 1.65044083e+02, 2.43257225e-01, 2.15523346e+02,
       1.47464569e+02, 3.15727651e-01, 0., 0., 0., 0., 0., 0., 0., 0.,
       0., 0., 0., 0., 0., 0., 0., 0., 0., 0. ]
