%YAML:1.0
---
hand_left_0: !!opencv-matrix
   rows: 3
   cols: 21
   dt: "3f"
   data: [ 1.83528351e+02, 3.92313812e+02, 2.40731895e-01,
       1.78143555e+02, 3.96837067e+02, 5.07381439e-01, 1.73404922e+02,
       4.05452728e+02, 6.69444859e-01, 1.70604828e+02, 4.14068420e+02,
       6.59623384e-01, 1.68450897e+02, 4.20745575e+02, 6.92694068e-01,
       1.83528351e+02, 4.10622162e+02, 5.12115419e-01, 1.81589828e+02,
       4.20960968e+02, 5.52740872e-01, 1.80082077e+02, 4.27638153e+02,
       6.93741679e-01, 1.76635803e+02, 4.31084412e+02, 6.77057266e-01,
       1.88266983e+02, 4.12991455e+02, 4.68897283e-01, 1.86543854e+02,
       4.20745575e+02, 5.49167812e-01, 1.81805222e+02, 4.25699615e+02,
       1.93911567e-01, 1.80943649e+02, 4.28930481e+02, 1.31993756e-01,
       1.91713257e+02, 4.13206848e+02, 4.26927298e-01, 1.88913162e+02,
       4.19237854e+02, 3.84130836e-01, 1.85682281e+02, 4.21607147e+02,
       1.75445095e-01, 1.82451401e+02, 4.22899506e+02, 1.55497476e-01,
       1.93651794e+02, 4.13637634e+02, 3.34131926e-01, 1.90636307e+02,
       4.17299316e+02, 2.50351250e-01, 1.88051590e+02, 4.19237854e+02,
       2.54062206e-01, 1.86113068e+02, 4.20530182e+02, 1.57750428e-01,
       4.83971802e+02, 4.08428833e+02, 3.12540025e-01, 4.77437561e+02,
       4.10848938e+02, 4.64751214e-01, 4.69451233e+02, 4.16657166e+02,
       5.90158165e-01, 4.63401001e+02, 4.22465393e+02, 6.40892446e-01,
       4.58076813e+02, 4.28031616e+02, 6.95114493e-01, 4.72597382e+02,
       4.28757629e+02, 5.62647343e-01, 4.68725220e+02, 4.41342133e+02,
       4.23632562e-01, 4.63885040e+02, 4.41342133e+02, 3.35238457e-01,
       4.64127045e+02, 4.36501923e+02, 2.15530276e-01, 4.78889618e+02,
       4.31903748e+02, 4.55171287e-01, 4.74775452e+02, 4.41584137e+02,
       3.23955268e-01, 4.69935272e+02, 4.42068146e+02, 1.62305370e-01,
       4.69451233e+02, 4.40132080e+02, 1.42173156e-01, 4.84213837e+02,
       4.32145752e+02, 2.68411934e-01, 4.81309723e+02, 4.37953979e+02,
       1.60238549e-01, 4.76227509e+02, 4.40616089e+02, 1.50043607e-01,
       4.73807404e+02, 4.40616089e+02, 1.56148791e-01, 4.90990082e+02,
       4.31419739e+02, 1.27714798e-01, 4.89054016e+02, 4.41100128e+02,
       8.86699036e-02, 4.83729797e+02, 4.42068146e+02, 8.42760131e-02,
       4.79857666e+02, 4.36017914e+02, 9.21874717e-02, 2.96193512e+02,
       3.25079041e+02, 9.74257886e-02, 2.94985229e+02, 3.20073334e+02,
       1.89570695e-01, 2.91187805e+02, 3.13686737e+02, 1.74638078e-01,
       2.84628601e+02, 3.10407135e+02, 1.10162437e-01, 2.80485931e+02,
       3.06091858e+02, 2.45575726e-01, 2.88943848e+02, 3.11442780e+02,
       5.67331731e-01, 2.79795502e+02, 3.11787994e+02, 4.45740670e-01,
       2.77724152e+02, 3.14204559e+02, 2.56680608e-01, 2.78759827e+02,
       3.15930664e+02, 1.92302182e-01, 2.87735596e+02, 3.15585449e+02,
       4.71164137e-01, 2.79622864e+02, 3.17656769e+02, 2.85587192e-01,
       2.79105042e+02, 3.18692444e+02, 2.78337687e-01, 2.79622864e+02,
       3.20073334e+02, 2.89524615e-01, 2.87908203e+02, 3.20936371e+02,
       2.62154877e-01, 2.84801208e+02, 3.21972046e+02, 4.29261327e-01,
       2.79622864e+02, 3.22835083e+02, 2.88870543e-01, 2.79795502e+02,
       3.23870758e+02, 2.59437054e-01, 2.88943848e+02, 3.25769470e+02,
       1.87390417e-01, 2.85146423e+02, 3.27322968e+02, 3.22826296e-01,
       2.82039429e+02, 3.27150360e+02, 4.07086432e-01, 2.80658539e+02,
       3.26977753e+02, 4.00981218e-01 ]
