%YAML:1.0
---
hand_left_0: !!opencv-matrix
   rows: 2
   cols: 21
   dt: "3f"
   data: [ 0., 0., 0., 0., 0., 0., 0., 0., 0., 0., 0., 0., 0., 0., 0.,
       0., 0., 0., 0., 0., 0., 0., 0., 0., 0., 0., 0., 0., 0., 0., 0.,
       0., 0., 0., 0., 0., 0., 0., 0., 0., 0., 0., 0., 0., 0., 0., 0.,
       0., 0., 0., 0., 0., 0., 0., 0., 0., 0., 0., 0., 0., 0., 0., 0.,
       1.88401306e+02, 2.84845306e+02, 1.59932729e-02, 1.76144684e+02,
       2.96916199e+02, 2.28137709e-02, 1.75587570e+02, 3.01187439e+02,
       5.40302619e-02, 1.68716431e+02, 3.04344452e+02, 3.02536599e-02,
       1.65559418e+02, 3.06201538e+02, 1.87924094e-02, 1.80230225e+02,
       3.00258911e+02, 2.25631390e-02, 1.73359085e+02, 3.11215607e+02,
       1.48926238e-02, 1.68716431e+02, 3.06572937e+02, 8.89528021e-02,
       1.62773819e+02, 3.06201538e+02, 1.82651967e-01, 1.80601639e+02,
       2.99887512e+02, 7.93373212e-03, 1.79673111e+02, 3.15672546e+02,
       7.16476841e-03, 1.70573486e+02, 3.08429993e+02, 2.08211895e-02,
       1.63702362e+02, 3.07315765e+02, 2.10971888e-02, 1.80787338e+02,
       2.99887512e+02, 6.67345896e-03, 1.82087280e+02, 2.85402405e+02,
       4.68820427e-03, 1.87844177e+02, 3.21058044e+02, 9.07432660e-03,
       1.62773819e+02, 3.06758636e+02, 2.58381385e-02, 1.78930283e+02,
       2.87445190e+02, 6.01601927e-03, 1.79115982e+02, 2.88188019e+02,
       6.92317262e-03, 1.67973602e+02, 3.06758636e+02, 1.77437253e-02,
       1.62773819e+02, 3.06944336e+02, 4.19658124e-02 ]
