%YAML:1.0
---
hand_left_0: !!opencv-matrix
   rows: 7
   cols: 21
   dt: "3f"
   data: [ 5.79972107e+02, 5.13455566e+02, 2.52085533e-02,
       5.80292053e+02, 5.08575897e+02, 2.73858979e-02, 5.79332092e+02,
       5.08895874e+02, 2.81778648e-02, 5.85971741e+02, 5.08735870e+02,
       1.48730539e-02, 5.85971741e+02, 5.08495880e+02, 1.30475406e-02,
       5.73092468e+02, 5.11215729e+02, 2.31168903e-02, 5.86371704e+02,
       5.09055847e+02, 1.12967705e-02, 5.76692261e+02, 5.10575775e+02,
       1.35303913e-02, 5.75572327e+02, 5.10975739e+02, 1.19541325e-02,
       5.71812561e+02, 5.08735870e+02, 1.29899839e-02, 5.75492371e+02,
       5.11375732e+02, 8.91898852e-03, 5.75892334e+02, 5.11535706e+02,
       1.06154187e-02, 5.75492371e+02, 5.11215729e+02, 1.07866712e-02,
       5.71732605e+02, 5.08495880e+02, 2.31215842e-02, 5.71652588e+02,
       5.08575897e+02, 1.40400166e-02, 5.75332336e+02, 5.10575775e+02,
       1.08125377e-02, 5.74612427e+02, 5.10495789e+02, 9.36065894e-03,
       5.71652588e+02, 5.08015930e+02, 1.96702257e-02, 5.71572571e+02,
       5.08415894e+02, 1.51632372e-02, 5.74212402e+02, 5.07775940e+02,
       2.75686160e-02, 5.74212402e+02, 5.07855927e+02, 1.39954062e-02,
       6.32991699e+02, 4.84217590e+02, 6.40893877e-02, 6.32176331e+02,
       4.87569519e+02, 3.64382900e-02, 6.23479492e+02, 4.87931885e+02,
       1.73518751e-02, 6.23207703e+02, 4.89743713e+02, 2.39443313e-02,
       6.29186829e+02, 4.93548615e+02, 3.91015559e-02, 6.28462036e+02,
       4.83674042e+02, 2.84831077e-01, 6.29367981e+02, 4.90468475e+02,
       1.86309934e-01, 6.29820923e+02, 4.94092163e+02, 9.29001495e-02,
       6.29911560e+02, 4.94545135e+02, 5.03741726e-02, 6.32357544e+02,
       4.84217590e+02, 5.69576740e-01, 6.31270447e+02, 4.91374390e+02,
       2.82924742e-01, 6.30364502e+02, 4.94726318e+02, 9.20160860e-02,
       6.30364502e+02, 4.95813416e+02, 2.94285081e-02, 6.35528259e+02,
       4.85667053e+02, 2.73938924e-01, 6.33263489e+02, 4.92099121e+02,
       1.56949997e-01, 6.32901062e+02, 4.94454529e+02, 7.97408000e-02,
       6.32901062e+02, 4.95269867e+02, 2.96285972e-02, 6.37793091e+02,
       4.88566040e+02, 1.36140808e-01, 6.35075317e+02, 4.93186249e+02,
       1.35109961e-01, 6.34622375e+02, 4.94182770e+02, 7.07570016e-02,
       6.34078796e+02, 4.95541656e+02, 3.35280709e-02, 2.67181946e+02,
       3.24114075e+02, 1.61503442e-02, 2.74049927e+02, 3.31698730e+02,
       6.01305254e-03, 2.73094391e+02, 3.33609833e+02, 1.47507917e-02,
       2.72974945e+02, 3.33550110e+02, 1.58775169e-02, 2.72437439e+02,
       3.33609833e+02, 9.30661708e-03, 2.72556885e+02, 3.32713989e+02,
       1.13350954e-02, 2.76020752e+02, 3.32952881e+02, 1.02583431e-02,
       2.72616608e+02, 3.32654266e+02, 1.19138760e-02, 2.71601349e+02,
       3.33968140e+02, 1.37011884e-02, 2.72556885e+02, 3.32952881e+02,
       6.78190822e-03, 2.75781860e+02, 3.33132050e+02, 9.11066681e-03,
       2.72795776e+02, 3.32654266e+02, 8.52740090e-03, 2.71541626e+02,
       3.33669525e+02, 4.18840814e-03, 2.72556885e+02, 3.32952881e+02,
       6.34865928e-03, 2.75483246e+02, 3.33132050e+02, 8.77635274e-03,
       2.75841583e+02, 3.33132050e+02, 6.99973945e-03, 2.71601349e+02,
       3.33968140e+02, 9.03085619e-03, 2.72377716e+02, 3.33132050e+02,
       6.60242373e-03, 2.74288818e+02, 3.32654266e+02, 1.00606978e-02,
       2.73452698e+02, 3.33609833e+02, 1.36108901e-02, 2.71720795e+02,
       3.33968140e+02, 1.10054724e-02, 6.75615601e+02, 4.69717834e+02,
       1.94108598e-02, 6.72942444e+02, 4.68113922e+02, 9.39411204e-03,
       6.76239319e+02, 4.55995636e+02, 6.46404596e-03, 6.76239319e+02,
       4.55995636e+02, 5.91109414e-03, 6.72942444e+02, 4.68826782e+02,
       5.51575050e-03, 6.82744019e+02, 4.65262573e+02, 4.44717845e-03,
       6.79625305e+02, 4.55817413e+02, 5.06899180e-03, 6.71694946e+02,
       4.56530243e+02, 5.29758865e-03, 6.71338562e+02, 4.56262939e+02,
       3.95966088e-03, 6.80872803e+02, 4.55995636e+02, 3.23320297e-03,
       6.80249084e+02, 4.56084717e+02, 1.80139474e-03, 6.74278992e+02,
       4.57421295e+02, 3.21541890e-03, 6.82120239e+02, 4.78093719e+02,
       1.84169831e-03, 6.70447510e+02, 4.70519775e+02, 3.16761783e-03,
       6.70091064e+02, 4.70697968e+02, 2.72754114e-03, 6.73031555e+02,
       4.58668793e+02, 3.84507747e-03, 6.74100769e+02, 4.57421295e+02,
       2.85670906e-03, 6.69823730e+02, 4.70697968e+02, 4.31534322e-03,
       6.69823730e+02, 4.70519775e+02, 5.83062600e-03, 6.70091064e+02,
       4.70697968e+02, 4.34773043e-03, 6.77664978e+02, 4.62322083e+02,
       3.42004001e-03, 3.03168976e+02, 3.36017426e+02, 1.76688116e-02,
       2.95078918e+02, 3.42055664e+02, 2.41686739e-02, 3.01293030e+02,
       3.35607056e+02, 2.93735657e-02, 3.01351654e+02, 3.35372559e+02,
       1.78204086e-02, 3.01468903e+02, 3.35255341e+02, 1.79689731e-02,
       3.01351654e+02, 3.35313965e+02, 3.29563357e-02, 3.01468903e+02,
       3.36017426e+02, 1.56426579e-02, 3.01410278e+02, 3.35607056e+02,
       1.05539467e-02, 3.01468903e+02, 3.35313965e+02, 7.85738789e-03,
       2.98889465e+02, 3.44517853e+02, 7.43700005e-03, 2.99417084e+02,
       3.43638519e+02, 1.09589072e-02, 2.99241211e+02, 3.43345398e+02,
       1.96367856e-02, 2.99827423e+02, 3.44459229e+02, 7.65750883e-03,
       2.99182587e+02, 3.44576477e+02, 7.44068203e-03, 2.98772217e+02,
       3.44400604e+02, 1.72399897e-02, 2.98361847e+02, 3.44283356e+02,
       2.18806751e-02, 2.99182587e+02, 3.44635101e+02, 1.10357432e-02,
       2.99592926e+02, 3.44752350e+02, 8.02185759e-03, 2.99182587e+02,
       3.44576477e+02, 8.51112138e-03, 2.99123962e+02, 3.47449036e+02,
       1.94241721e-02, 2.99006714e+02, 3.47624908e+02, 1.17644314e-02,
       5.45830139e+02, 3.11420105e+02, 9.46273096e-03, 5.47546387e+02,
       3.05305878e+02, 3.89440777e-03, 5.51729797e+02, 3.09203247e+02,
       4.29046759e-03, 5.51729797e+02, 3.09167480e+02, 3.46846180e-03,
       5.51801331e+02, 3.09274750e+02, 8.89575284e-04, 5.51765564e+02,
       3.10275909e+02, 3.24252783e-03, 5.51801331e+02, 3.10240173e+02,
       3.80158401e-03, 5.51837036e+02, 3.10097137e+02, 3.39243887e-03,
       5.51229248e+02, 3.06700348e+02, 1.46465364e-03, 5.48190002e+02,
       3.06628845e+02, 2.15244619e-03, 5.51765564e+02, 3.10526215e+02,
       1.52193266e-03, 5.51765564e+02, 3.10561951e+02, 2.47217016e-03,
       5.51765564e+02, 3.10669220e+02, 2.09822814e-04, 5.48333008e+02,
       3.06664612e+02, 2.33359891e-03, 5.51801331e+02, 3.10669220e+02,
       2.32386356e-03, 5.48368774e+02, 3.06557343e+02, 3.03515326e-03,
       5.51408020e+02, 3.07129425e+02, 1.67244975e-03, 5.50978943e+02,
       3.10061371e+02, 3.50792985e-03, 5.51980103e+02, 3.10704987e+02,
       4.98813950e-03, 5.51443726e+02, 3.07415466e+02, 3.85806104e-03,
       5.51408020e+02, 3.07415466e+02, 2.72647478e-03, 4.49631805e+02,
       5.24525208e+02, 4.58931066e-02, 4.41103302e+02, 5.24460571e+02,
       1.36563750e-02, 4.46918182e+02, 5.27432617e+02, 4.38443720e-02,
       4.46724365e+02, 5.24266785e+02, 2.67854668e-02, 4.47435059e+02,
       5.25106689e+02, 6.76509133e-03, 4.46336700e+02, 5.27561890e+02,
       5.66974133e-02, 4.42524719e+02, 5.25752808e+02, 9.74032376e-03,
       4.47305847e+02, 5.24589783e+02, 7.91204162e-03, 4.47564301e+02,
       5.25623596e+02, 5.86979929e-03, 4.45496765e+02, 5.27368042e+02,
       4.55320366e-02, 4.43235443e+02, 5.25300537e+02, 7.62503594e-03,
       4.47628906e+02, 5.25171326e+02, 6.15140004e-03, 4.47564301e+02,
       5.25235901e+02, 5.48054092e-03, 4.45690613e+02, 5.27303406e+02,
       6.28759041e-02, 4.43946136e+02, 5.25817383e+02, 1.17128640e-02,
       4.44915283e+02, 5.26786560e+02, 1.09532131e-02, 4.44915283e+02,
       5.26528076e+02, 9.30575654e-03, 4.46465912e+02, 5.27368042e+02,
       8.88456777e-02, 4.44333801e+02, 5.26980347e+02, 1.46549698e-02,
       4.44656830e+02, 5.26786560e+02, 1.41684143e-02, 4.44721466e+02,
       5.26786560e+02, 1.28025804e-02 ]
