%YAML:1.0
---
face_0: !!opencv-matrix
   rows: 7
   cols: 70
   dt: "3f"
   data: [ 3.68650818e+02, 2.54722290e+02, 6.69021606e-01,
       3.71133148e+02, 2.62523895e+02, 6.56349719e-01, 3.75033936e+02,
       2.68552429e+02, 6.51128590e-01, 3.79998596e+02, 2.74226318e+02,
       7.02243328e-01, 3.86027130e+02, 2.79545593e+02, 6.79655015e-01,
       3.92055634e+02, 2.83091766e+02, 7.25532830e-01, 3.97374908e+02,
       2.88056427e+02, 7.14105487e-01, 4.02339569e+02, 2.91248016e+02,
       7.71435857e-01, 4.08013458e+02, 2.93730347e+02, 8.05842519e-01,
       4.15460449e+02, 2.91957245e+02, 6.63325489e-01, 4.22907440e+02,
       2.86637970e+02, 6.65553033e-01, 4.29290588e+02, 2.79900208e+02,
       7.15829194e-01, 4.34255249e+02, 2.72453217e+02, 6.85753524e-01,
       4.38510681e+02, 2.63587769e+02, 6.99402332e-01, 4.39219910e+02,
       2.54367676e+02, 7.37861216e-01, 4.37092194e+02, 2.44438354e+02,
       6.81475282e-01, 4.34964478e+02, 2.34509033e+02, 5.84253788e-01,
       3.71133148e+02, 2.45147598e+02, 5.74655771e-01, 3.73970093e+02,
       2.42310638e+02, 7.61990547e-01, 3.78225525e+02, 2.40182938e+02,
       7.90494919e-01, 3.82835541e+02, 2.40892166e+02, 8.48103523e-01,
       3.87800201e+02, 2.43019882e+02, 8.48511159e-01, 3.99148010e+02,
       2.41246796e+02, 7.83985555e-01, 4.02694183e+02, 2.37345993e+02,
       8.83339107e-01, 4.08013458e+02, 2.35218277e+02, 8.51512432e-01,
       4.13332764e+02, 2.34509033e+02, 7.99675405e-01, 4.18297424e+02,
       2.35927505e+02, 6.72620177e-01, 3.93828735e+02, 2.50466873e+02,
       8.44084024e-01, 3.93828735e+02, 2.56495392e+02, 9.00663376e-01,
       3.93828735e+02, 2.62169281e+02, 8.69755805e-01, 3.93828735e+02,
       2.68197815e+02, 8.80750477e-01, 3.92410248e+02, 2.71034760e+02,
       8.69659722e-01, 3.94183350e+02, 2.71389374e+02, 9.07241523e-01,
       3.96311066e+02, 2.71389374e+02, 9.22605872e-01, 3.98438782e+02,
       2.71034760e+02, 8.88558388e-01, 4.00211853e+02, 2.69970886e+02,
       8.07373703e-01, 3.78225525e+02, 2.53658447e+02, 6.93317533e-01,
       3.81771698e+02, 2.51885345e+02, 7.82947898e-01, 3.85317871e+02,
       2.51530731e+02, 8.86567771e-01, 3.88154846e+02, 2.51885345e+02,
       8.83291364e-01, 3.85317871e+02, 2.53303818e+02, 8.31541836e-01,
       3.82126312e+02, 2.54013062e+02, 7.92647719e-01, 4.04821899e+02,
       2.50821487e+02, 8.42521071e-01, 4.08368103e+02, 2.49048401e+02,
       9.22702134e-01, 4.11914276e+02, 2.48693787e+02, 8.35321546e-01,
       4.16524323e+02, 2.48339157e+02, 8.88921380e-01, 4.13332764e+02,
       2.50821487e+02, 8.40061665e-01, 4.08368103e+02, 2.51176117e+02,
       8.95493269e-01, 3.94537964e+02, 2.78127136e+02, 7.59836793e-01,
       3.95956451e+02, 2.77063263e+02, 8.38481069e-01, 3.97020294e+02,
       2.76708649e+02, 8.64110947e-01, 3.99148010e+02, 2.76708649e+02,
       8.17725480e-01, 4.00921112e+02, 2.75644806e+02, 7.67147779e-01,
       4.04821899e+02, 2.75999420e+02, 8.09640646e-01, 4.08368103e+02,
       2.75644806e+02, 8.70657027e-01, 4.05531128e+02, 2.79190979e+02,
       8.71120453e-01, 4.03048798e+02, 2.80254822e+02, 8.84498179e-01,
       4.00921112e+02, 2.81673309e+02, 7.78110147e-01, 3.99148010e+02,
       2.81318695e+02, 8.47862005e-01, 3.97020294e+02, 2.79900208e+02,
       9.29972887e-01, 3.96311066e+02, 2.78127136e+02, 8.32145810e-01,
       3.98084137e+02, 2.77772491e+02, 7.71462262e-01, 3.99502625e+02,
       2.78127136e+02, 8.38706076e-01, 4.01984955e+02, 2.77417877e+02,
       8.80233705e-01, 4.06949615e+02, 2.76708649e+02, 8.50406587e-01,
       4.02339569e+02, 2.77417877e+02, 8.66100252e-01, 3.99857239e+02,
       2.78481750e+02, 8.37520003e-01, 3.98438782e+02, 2.77772491e+02,
       7.86473751e-01, 3.83544800e+02, 2.52239960e+02, 7.57639050e-01,
       4.10850433e+02, 2.50112259e+02, 7.97652245e-01, 9.45814285e+01,
       2.20688171e+02, 6.21990442e-01, 9.43598709e+01, 2.25784119e+02,
       6.90624654e-01, 9.52461243e+01, 2.31101624e+02, 6.93231881e-01,
       9.61323700e+01, 2.36197571e+02, 7.77149796e-01, 9.81264420e+01,
       2.41293518e+02, 7.37406552e-01, 1.01228325e+02, 2.45060089e+02,
       7.81464279e-01, 1.04773331e+02, 2.48605103e+02, 7.95019507e-01,
       1.08761467e+02, 2.51706985e+02, 7.53721476e-01, 1.13857414e+02,
       2.53036362e+02, 7.70641267e-01, 1.19618050e+02, 2.52814804e+02,
       6.57825887e-01, 1.25821815e+02, 2.50377609e+02, 6.97672665e-01,
       1.30253082e+02, 2.46832596e+02, 6.62195027e-01, 1.33798080e+02,
       2.41958206e+02, 5.81728876e-01, 1.36235275e+02, 2.37083832e+02,
       5.72367370e-01, 1.37343094e+02, 2.32209442e+02, 5.13490438e-01,
       1.38007782e+02, 2.26227234e+02, 4.10281152e-01, 1.36678406e+02,
       2.20023468e+02, 2.82771677e-01, 9.61323700e+01, 2.12711899e+02,
       4.89741445e-01, 9.94558182e+01, 2.11382523e+02, 6.13082290e-01,
       1.03000824e+02, 2.11160950e+02, 7.73197651e-01, 1.06545837e+02,
       2.11604080e+02, 7.83803523e-01, 1.10090843e+02, 2.13155029e+02,
       7.45218635e-01, 1.18731796e+02, 2.14705963e+02, 7.21109867e-01,
       1.21612122e+02, 2.13155029e+02, 7.99154401e-01, 1.24713997e+02,
       2.12711899e+02, 7.93973267e-01, 1.28037445e+02, 2.12933456e+02,
       8.50106478e-01, 1.30696198e+02, 2.14041275e+02, 6.84445262e-01,
       1.13857414e+02, 2.20023468e+02, 8.36021066e-01, 1.13857414e+02,
       2.23568481e+02, 8.79468322e-01, 1.13635849e+02, 2.26891922e+02,
       8.74450207e-01, 1.13192726e+02, 2.29772247e+02, 7.50477135e-01,
       1.10312408e+02, 2.33095688e+02, 7.00415194e-01, 1.11863350e+02,
       2.33760376e+02, 7.33866751e-01, 1.13635849e+02, 2.34203506e+02,
       8.13491702e-01, 1.15408356e+02, 2.33981949e+02, 8.04945052e-01,
       1.16737732e+02, 2.33317261e+02, 6.68186128e-01, 1.01006760e+02,
       2.20909729e+02, 7.30123341e-01, 1.03222389e+02, 2.21352859e+02,
       7.95568466e-01, 1.05216454e+02, 2.21574417e+02, 7.86765575e-01,
       1.07653648e+02, 2.21795975e+02, 6.80974841e-01, 1.05216454e+02,
       2.22017548e+02, 8.51197064e-01, 1.03000824e+02, 2.21795975e+02,
       9.06264424e-01, 1.20947426e+02, 2.21795975e+02, 9.41567540e-01,
       1.24049309e+02, 2.20688171e+02, 8.13528955e-01, 1.26486504e+02,
       2.21352859e+02, 7.98851371e-01, 1.28923691e+02, 2.22239105e+02,
       7.71317363e-01, 1.26264938e+02, 2.23346924e+02, 8.69899571e-01,
       1.23827751e+02, 2.22682236e+02, 8.26826990e-01, 1.07653648e+02,
       2.39521027e+02, 8.38741124e-01, 1.10312408e+02, 2.38191635e+02,
       8.49354863e-01, 1.12749596e+02, 2.37970078e+02, 7.67864108e-01,
       1.14300537e+02, 2.38191635e+02, 7.80318856e-01, 1.15629921e+02,
       2.37970078e+02, 8.92314970e-01, 1.18288673e+02, 2.38856323e+02,
       7.96196461e-01, 1.20725868e+02, 2.40628830e+02, 8.23489666e-01,
       1.18510239e+02, 2.42844467e+02, 8.02250862e-01, 1.15851479e+02,
       2.43287598e+02, 8.38409483e-01, 1.13857414e+02, 2.43287598e+02,
       8.63458872e-01, 1.12084908e+02, 2.43287598e+02, 8.90870035e-01,
       1.10090843e+02, 2.41736649e+02, 8.39090645e-01, 1.08761467e+02,
       2.39742584e+02, 8.66418421e-01, 1.12528038e+02, 2.39521027e+02,
       8.01974475e-01, 1.14078979e+02, 2.39521027e+02, 8.37999582e-01,
       1.15851479e+02, 2.39521027e+02, 8.51113319e-01, 1.19174927e+02,
       2.40628830e+02, 8.98048699e-01, 1.15629921e+02, 2.41293518e+02,
       8.48327160e-01, 1.14078979e+02, 2.41515091e+02, 8.56115639e-01,
       1.12306473e+02, 2.41293518e+02, 8.80600393e-01, 1.04330200e+02,
       2.21795975e+02, 8.27083170e-01, 1.25157127e+02, 2.21795975e+02,
       7.98437834e-01, 2.85183289e+02, 2.90489899e+02, 4.10712659e-01,
       2.84355713e+02, 2.93248413e+02, 4.91183281e-01, 2.83941956e+02,
       2.97110321e+02, 5.83135843e-01, 2.83528168e+02, 3.00972260e+02,
       5.58528602e-01, 2.83941956e+02, 3.05110016e+02, 6.34874284e-01,
       2.85321198e+02, 3.08558136e+02, 6.45649672e-01, 2.87803864e+02,
       3.11454590e+02, 5.65524578e-01, 2.90562378e+02, 3.13523468e+02,
