%YAML:1.0
---
face_0: !!opencv-matrix
   rows: 7
   cols: 70
   dt: "3f"
   data: [ 4.33737305e+02, 2.23174911e+02, 1.47857010e-01,
       4.31415680e+02, 2.29172455e+02, 2.18184695e-01, 4.30835266e+02,
       2.35556961e+02, 2.40607247e-01, 4.32576477e+02, 2.41554520e+02,
       4.30087060e-01, 4.34704651e+02, 2.47745544e+02, 4.71134841e-01,
       4.38187103e+02, 2.52388809e+02, 5.37819326e-01, 4.43410797e+02,
       2.56451660e+02, 5.36897779e-01, 4.49021393e+02, 2.59547180e+02,
       6.29176080e-01, 4.54825500e+02, 2.60321075e+02, 6.67621851e-01,
       4.59081818e+02, 2.59353729e+02, 5.92562139e-01, 4.62757751e+02,
       2.56064728e+02, 5.56593060e-01, 4.64692444e+02, 2.52001877e+02,
       4.97698486e-01, 4.64885895e+02, 2.46391251e+02, 4.81620252e-01,
       4.65659790e+02, 2.42521866e+02, 5.64507127e-01, 4.66240204e+02,
       2.38459000e+02, 6.14016831e-01, 4.67401001e+02, 2.33815735e+02,
       4.58843887e-01, 4.67787964e+02, 2.28978989e+02, 4.10855323e-01,
       4.43991180e+02, 2.21820618e+02, 7.09807992e-01, 4.47280182e+02,
       2.21240204e+02, 8.01335812e-01, 4.51149567e+02, 2.20272858e+02,
       7.01615334e-01, 4.55018951e+02, 2.20079391e+02, 7.87716568e-01,
       4.58114471e+02, 2.21627151e+02, 8.41564298e-01, 4.64305511e+02,
       2.23755310e+02, 5.95193803e-01, 4.66627136e+02, 2.22594498e+02,
       5.60419679e-01, 4.68948761e+02, 2.21627151e+02, 5.89765131e-01,
       4.70883453e+02, 2.21433685e+02, 4.82380509e-01, 4.72044281e+02,
       2.22207550e+02, 3.59962642e-01, 4.60049164e+02, 2.27237762e+02,
       8.35870087e-01, 4.60823059e+02, 2.31687561e+02, 8.48177075e-01,
       4.61209991e+02, 2.35556961e+02, 7.88088560e-01, 4.61790405e+02,
       2.40006760e+02, 6.47278905e-01, 4.54438538e+02, 2.41554520e+02,
       7.51499832e-01, 4.56566711e+02, 2.42908798e+02, 8.07918370e-01,
       4.58888336e+02, 2.43295746e+02, 6.64659023e-01, 4.61209991e+02,
       2.42908798e+02, 5.88556886e-01, 4.62757751e+02, 2.41554520e+02,
       4.87177193e-01, 4.47473633e+02, 2.25109604e+02, 8.19314063e-01,
       4.49988739e+02, 2.24529190e+02, 8.63184988e-01, 4.52116913e+02,
       2.24529190e+02, 9.23042417e-01, 4.53664673e+02, 2.26076950e+02,
       9.46739256e-01, 4.51923431e+02, 2.26270416e+02, 8.59481573e-01,
       4.49214874e+02, 2.26076950e+02, 8.57003987e-01, 4.62951202e+02,
       2.27431229e+02, 8.65182698e-01, 4.64692444e+02, 2.27237762e+02,
       7.49838352e-01, 4.66627136e+02, 2.27044296e+02, 7.21077323e-01,
       4.67594482e+02, 2.27431229e+02, 6.49086595e-01, 4.66240204e+02,
       2.27624710e+02, 7.56930351e-01, 4.64498962e+02, 2.27624710e+02,
       7.88317919e-01, 4.47473633e+02, 2.46391251e+02, 8.02252948e-01,
       4.51923431e+02, 2.46584717e+02, 8.63487840e-01, 4.55212433e+02,
       2.47165131e+02, 8.46921802e-01, 4.56760193e+02, 2.47745544e+02,
       8.05682421e-01, 4.58501404e+02, 2.47552078e+02, 7.09094882e-01,
       4.60436096e+02, 2.47552078e+02, 6.93461180e-01, 4.61209991e+02,
       2.47745544e+02, 5.55996716e-01, 4.60049164e+02, 2.49873703e+02,
       6.90935194e-01, 4.58114471e+02, 2.50841049e+02, 7.97322333e-01,
       4.56373230e+02, 2.50841049e+02, 8.20048332e-01, 4.54051605e+02,
       2.50841049e+02, 8.50146055e-01, 4.50956085e+02, 2.49293289e+02,
       8.34239900e-01, 4.49021393e+02, 2.47358597e+02, 7.90906668e-01,
       4.55018951e+02, 2.48325943e+02, 8.48146677e-01, 4.56760193e+02,
       2.48906357e+02, 7.87314653e-01, 4.58307953e+02, 2.48906357e+02,
       7.29412615e-01, 4.60436096e+02, 2.47939011e+02, 5.83211660e-01,
       4.58307953e+02, 2.48906357e+02, 7.16382325e-01, 4.56566711e+02,
       2.49099823e+02, 8.28604579e-01, 4.55018951e+02, 2.48519424e+02,
       8.43554020e-01, 4.50569153e+02, 2.24722656e+02, 7.99426913e-01,
       4.65272858e+02, 2.27237762e+02, 6.94037080e-01, 2.67167267e+02,
       2.91072601e+02, 5.82857490e-01, 2.67360779e+02, 2.94942688e+02,
       5.50096750e-01, 2.68715302e+02, 2.99199799e+02, 6.26139283e-01,
       2.70843872e+02, 3.02876404e+02, 6.27725184e-01, 2.73165924e+02,
       3.06746490e+02, 6.70332074e-01, 2.76068481e+02, 3.10423096e+02,
       6.88625395e-01, 2.79164581e+02, 3.14486694e+02, 6.52510047e-01,
       2.81873657e+02, 3.17776276e+02, 7.16155171e-01, 2.85743744e+02,
       3.19324310e+02, 7.60223210e-01, 2.90581360e+02, 3.18163300e+02,
       7.01848030e-01, 2.95999512e+02, 3.15454224e+02, 5.89082122e-01,
       3.00063110e+02, 3.11777618e+02, 5.39427102e-01, 3.01804657e+02,
       3.06359497e+02, 4.26632196e-01, 3.02385162e+02, 3.01134857e+02,
       4.71884936e-01, 3.01224152e+02, 2.95910217e+02, 4.76695508e-01,
       3.00450134e+02, 2.90492065e+02, 5.01524150e-01, 2.99482605e+02,
       2.85654449e+02, 4.67049062e-01, 2.67167267e+02, 2.84299927e+02,
       3.16993594e-01, 2.67747772e+02, 2.83912903e+02, 3.36686611e-01,
       2.70263336e+02, 2.83719391e+02, 4.10908371e-01, 2.72391907e+02,
       2.83912903e+02, 3.30197275e-01, 2.75294464e+02, 2.85073944e+02,
       3.14983666e-01, 2.83421692e+02, 2.85267426e+02, 6.41388774e-01,
       2.85937256e+02, 2.82945374e+02, 6.81557775e-01, 2.89226837e+02,
       2.81203827e+02, 6.75405264e-01, 2.92709930e+02, 2.80816833e+02,
       6.88417196e-01, 2.95999512e+02, 2.82171356e+02, 5.45323193e-01,
       2.79938599e+02, 2.89718048e+02, 7.37685680e-01, 2.80325592e+02,
       2.93394653e+02, 8.24536681e-01, 2.80519104e+02, 2.97845276e+02,
       8.04392040e-01, 2.80519104e+02, 3.01908875e+02, 7.63732910e-01,
       2.77423035e+02, 3.02489380e+02, 8.25236440e-01, 2.79358093e+02,
       3.03843933e+02, 8.67543280e-01, 2.81680145e+02, 3.04037415e+02,
       8.38105083e-01, 2.84002197e+02, 3.02876404e+02, 9.06746924e-01,
       2.86130768e+02, 3.01908875e+02, 8.67379606e-01, 2.69682831e+02,
       2.90879089e+02, 6.05745614e-01, 2.71617889e+02, 2.90685577e+02,
       6.94370449e-01, 2.73359436e+02, 2.90298584e+02, 8.20719063e-01,
       2.75294464e+02, 2.90105072e+02, 8.17225635e-01, 2.73359436e+02,
       2.90298584e+02, 8.39150012e-01, 2.71617889e+02, 2.91072601e+02,
       7.46146321e-01, 2.86324249e+02, 2.90105072e+02, 7.73215532e-01,
       2.88646332e+02, 2.89911560e+02, 8.68303776e-01, 2.90968384e+02,
       2.89524536e+02, 7.62562335e-01, 2.93290436e+02, 2.88750519e+02,
       7.96907067e-01, 2.91548889e+02, 2.90105072e+02, 8.23418021e-01,
       2.88839813e+02, 2.90298584e+02, 8.43257070e-01, 2.77423035e+02,
       3.06940002e+02, 3.11524808e-01, 2.79358093e+02, 3.05972473e+02,
       7.15282619e-01, 2.80906128e+02, 3.06359497e+02, 8.27898979e-01,
       2.82647675e+02, 3.06940002e+02, 9.00157392e-01, 2.84195709e+02,
       3.05778961e+02, 8.82028699e-01, 2.87098267e+02, 3.05778961e+02,
       9.53208864e-01, 2.90387878e+02, 3.05778961e+02, 9.46897209e-01,
       2.87678802e+02, 3.08681549e+02, 8.73883307e-01, 2.85550232e+02,
       3.10036072e+02, 8.42533231e-01, 2.83228180e+02, 3.10229584e+02,
       8.66546988e-01, 2.81293121e+02, 3.10036072e+02, 8.72892976e-01,
       2.79551575e+02, 3.08681549e+02, 7.61291325e-01, 2.78197052e+02,
       3.06940002e+02, 4.52018350e-01, 2.81099640e+02, 3.07520508e+02,
       8.38549614e-01, 2.82647675e+02, 3.07714020e+02, 8.93456519e-01,
       2.84582703e+02, 3.07326996e+02, 8.93567920e-01, 2.89033325e+02,
       3.06165985e+02, 9.03544128e-01, 2.84582703e+02, 3.07326996e+02,
       8.89868677e-01, 2.82647675e+02, 3.07907532e+02, 8.58062744e-01,
       2.81099640e+02, 3.07520508e+02, 8.64563823e-01, 2.72972412e+02,
       2.90492065e+02, 6.97883487e-01, 2.90194366e+02, 2.90105072e+02,
       8.35405111e-01, 1.48995316e+02, 2.57811432e+02, 2.34535038e-01,
       1.47080368e+02, 2.63173248e+02, 3.43436629e-01, 1.46314392e+02,
       2.68918060e+02, 3.93076241e-01, 1.46122910e+02, 2.74279877e+02,
       4.85449195e-01, 1.46505890e+02, 2.80216187e+02, 5.53598583e-01,
       1.49569794e+02, 2.84812042e+02, 6.23019218e-01, 1.53974152e+02,
       2.88450439e+02, 6.36255741e-01, 1.58952988e+02, 2.91131348e+02,
