%YAML:1.0
---
pose_0: !!opencv-matrix
   rows: 6
   cols: 25
   dt: "3f"
   data: [ 2.85068970e+02, 2.56689789e+02, 8.30761015e-01,
       2.96008392e+02, 2.96008148e+02, 7.57018507e-01, 2.65325073e+02,
       3.00417297e+02, 7.79194772e-01, 2.47825439e+02, 3.46383026e+02,
       7.12284803e-01, 2.65378479e+02, 3.72631683e+02, 4.48123127e-01,
       3.26631897e+02, 2.91637268e+02, 7.48353422e-01, 3.37626312e+02,
       3.41998108e+02, 4.15075988e-01, 3.02588684e+02, 3.96766602e+02,
       3.75502795e-01, 2.87258759e+02, 3.90112244e+02, 6.53300524e-01,
       2.67585175e+02, 3.85757080e+02, 6.69721842e-01, 2.45691162e+02,
       4.12034210e+02, 6.57419562e-01, 2.43451416e+02, 5.23710205e+02,
       6.38113618e-01, 3.04840210e+02, 3.92314240e+02, 5.97471595e-01,
       2.71905182e+02, 4.44809753e+02, 3.16073090e-01, 2.82896271e+02,
       5.30227966e+02, 4.45268929e-01, 2.74167480e+02, 2.54456146e+02,
       8.56299281e-01, 2.87288666e+02, 2.52237686e+02, 9.03673410e-01,
       2.71941589e+02, 2.60967865e+02, 3.47945541e-01, 3.00362732e+02,
       2.52129013e+02, 6.66895986e-01, 2.67554901e+02, 5.41227722e+02,
       3.92963052e-01, 2.76338959e+02, 5.43383850e+02, 4.13940430e-01,
       2.85075897e+02, 5.36787903e+02, 3.36857259e-01, 2.25950180e+02,
       5.41208557e+02, 5.02476454e-01, 2.19484497e+02, 5.34701233e+02,
       6.00825548e-01, 2.52186035e+02, 5.34602905e+02, 5.29795289e-01,
       3.79295410e+02, 3.04680023e+02, 8.84349227e-01, 3.94457092e+02,
       3.26663025e+02, 9.05669391e-01, 3.72569550e+02, 3.24580200e+02,
       7.83628881e-01, 0., 0., 0., 0., 0., 0., 4.20778046e+02,
       3.24603912e+02, 8.07307661e-01, 4.27286835e+02, 3.66105896e+02,
       1.00009792e-01, 3.35401367e+02, 3.92365814e+02, 2.68727869e-01,
       3.92297607e+02, 4.07666229e+02, 4.49105650e-01, 3.74859344e+02,
       4.03317200e+02, 4.36815917e-01, 3.79229156e+02, 4.73361145e+02,
       1.24793701e-01, 3.77049530e+02, 5.19350281e+02, 7.15906844e-02,
       4.09757019e+02, 4.09812164e+02, 4.26951915e-01, 3.94554352e+02,
       4.77721375e+02, 1.32900715e-01, 3.81386414e+02, 5.19341309e+02,
       8.19630325e-02, 3.77116852e+02, 2.96053528e+02, 7.77479827e-01,
       3.90181885e+02, 2.98209930e+02, 8.69309783e-01, 0., 0., 0.,
       4.03271973e+02, 3.04656403e+02, 8.14602256e-01, 0., 0., 0., 0.,
       0., 0., 0., 0., 0., 0., 0., 0., 0., 0., 0., 0., 0., 0.,
       1.47218521e+02, 3.06867096e+02, 9.80257809e-01, 1.31930283e+02,
       3.41890442e+02, 9.16785479e-01, 1.09871895e+02, 3.39882782e+02,
       8.53168190e-01, 9.46885071e+01, 3.92250092e+02, 7.85555243e-01,
       1.29654037e+02, 3.94512482e+02, 7.42239475e-01, 1.62440735e+02,
       3.39820831e+02, 8.61423790e-01, 1.69108917e+02, 3.85742798e+02,
       3.66323650e-01, 0., 0., 0., 1.36270660e+02, 4.29577942e+02,
       7.46449172e-01, 1.18726814e+02, 4.29620300e+02, 7.34609365e-01,
       1.14413475e+02, 5.03952515e+02, 6.66589320e-01, 9.46831665e+01,
       5.80596130e+02, 4.99039590e-01, 1.53778870e+02, 4.29521820e+02,
       7.47403145e-01, 1.66924423e+02, 5.01774719e+02, 6.02641761e-01,
       0., 0., 0., 1.42751953e+02, 3.04653015e+02, 8.91337752e-01,
       1.49343643e+02, 3.02505066e+02, 8.83898854e-01, 1.29529022e+02,
       3.06999664e+02, 8.70050311e-01, 0., 0., 0., 0., 0., 0., 0., 0.,
       0., 0., 0., 0., 1.03380356e+02, 5.91569946e+02, 2.90574640e-01,
       9.46299896e+01, 5.91539917e+02, 3.23469013e-01, 9.67433014e+01,
       5.84957458e+02, 3.63123029e-01, 1.97443726e+02, 3.06870728e+02,
       8.67192864e-01, 1.84446335e+02, 3.31088470e+02, 8.66136312e-01,
       1.64603897e+02, 3.35384644e+02, 8.03833365e-01, 1.66829407e+02,
       3.77031494e+02, 2.81018317e-01, 1.99760696e+02, 3.96688843e+02,
       2.67433494e-01, 2.08455185e+02, 3.28845673e+02, 8.12910318e-01,
       2.21593033e+02, 3.74740051e+02, 6.77497327e-01, 2.12792465e+02,
       4.09797852e+02, 6.07504368e-01, 1.90969299e+02, 4.12075897e+02,
       6.74048305e-01, 1.73461578e+02, 4.12111908e+02, 6.78758204e-01,
       1.69045914e+02, 5.01775208e+02, 7.75133789e-01, 1.58126770e+02,
       5.85017944e+02, 7.70231128e-01, 2.12822861e+02, 4.12018005e+02,
       6.81013882e-01, 1.99717728e+02, 4.99644531e+02, 7.24791467e-01,
       1.69096115e+02, 5.74073608e+02, 7.51307607e-01, 1.86565781e+02,
       3.04677277e+02, 9.14660752e-01, 1.99603699e+02, 3.02566040e+02,
       8.42381477e-01, 1.77744003e+02, 3.06903381e+02, 7.09932804e-01,
       2.01899918e+02, 3.04656067e+02, 1.41869158e-01, 1.84435349e+02,
       5.98065125e+02, 4.96469915e-01, 1.88765533e+02, 5.89351318e+02,
       5.29139400e-01, 1.62477829e+02, 5.84935120e+02, 4.17455077e-01,
       1.73449265e+02, 6.02540588e+02, 6.57851756e-01, 1.62491562e+02,
       6.04636414e+02, 6.66689575e-01, 1.51542801e+02, 5.91532715e+02,
       5.82531154e-01, 4.33941437e+02, 3.09184601e+02, 8.05046022e-01,
       4.47081421e+02, 3.42084167e+02, 8.44455838e-01, 4.20790222e+02,
       3.41925293e+02, 7.74209797e-01, 3.96758820e+02, 3.90056885e+02,
       8.11898828e-01, 4.31733582e+02, 3.92364166e+02, 8.59794080e-01,
       4.77690308e+02, 3.44259247e+02, 7.89917886e-01, 4.82161285e+02,
       4.01092590e+02, 8.02628934e-01, 4.51479004e+02, 4.38333496e+02,
       7.80958772e-01, 4.42661194e+02, 4.44793365e+02, 6.24524117e-01,
       4.25136963e+02, 4.40504089e+02, 6.00828290e-01, 4.14283661e+02,
       5.25876099e+02, 2.77954519e-01, 4.09875366e+02, 6.13454407e+02,
       2.04323873e-01, 4.60228943e+02, 4.44885193e+02, 6.30819798e-01,
       4.62356781e+02, 5.30227112e+02, 4.44376230e-01, 4.62401825e+02,
       6.17791992e+02, 2.54511416e-01, 4.31783295e+02, 3.04815582e+02,
       8.14092517e-01, 4.44873749e+02, 3.06901855e+02, 8.96352530e-01,
       4.29504761e+02, 3.06963959e+02, 6.56039193e-02, 4.62297150e+02,
       3.09177551e+02, 7.46427774e-01, 4.62407959e+02, 6.37537903e+02,
       1.87899590e-01, 4.79864868e+02, 6.35306580e+02, 1.94411188e-01,
       4.62382507e+02, 6.22220459e+02, 1.72146961e-01, 4.22980499e+02,
       6.30943481e+02, 1.34073913e-01, 4.07687927e+02, 6.33131042e+02,
       1.43004954e-01, 4.09872070e+02, 6.17813477e+02, 1.56092018e-01,
       3.44183685e+02, 3.55109833e+02, 4.50415492e-01, 3.39733276e+02,
       3.68263763e+02, 2.98347712e-01, 3.20105774e+02, 3.59558746e+02,
       3.04989427e-01, 3.20108063e+02, 3.94504669e+02, 1.68398052e-01,
       0., 0., 0., 3.55062256e+02, 3.74842194e+02, 2.25703478e-01, 0.,
       0., 0., 0., 0., 0., 3.39764801e+02, 4.16408905e+02,
       1.80633053e-01, 3.24539490e+02, 4.14210876e+02, 1.89102247e-01,
       3.13518036e+02, 4.29601135e+02, 1.59710228e-01, 0., 0., 0., 0.,
       0., 0., 0., 0., 0., 0., 0., 0., 3.39854095e+02, 3.44228577e+02,
       4.62471753e-01, 3.52882629e+02, 3.52947449e+02, 4.53481168e-01,
       3.24582794e+02, 3.41939819e+02, 2.83997625e-01, 3.57337799e+02,
       3.57302917e+02, 2.07768261e-01, 0., 0., 0., 0., 0., 0., 0., 0.,
       0., 0., 0., 0., 0., 0., 0., 0., 0., 0. ]
