%YAML:1.0
---
hand_left_0: !!opencv-matrix
   rows: 1
   cols: 21
   dt: "3f"
   data: [ 2.65650146e+02, 3.68956726e+02, 1.65177938e-02,
       2.65095673e+02, 3.74224243e+02, 1.78684108e-02, 2.61491577e+02,
       3.69788422e+02, 1.22816730e-02, 2.59273682e+02, 3.66738800e+02,
       1.03051011e-02, 2.57333008e+02, 3.39292175e+02, 6.70658424e-03,
       2.54560608e+02, 3.55649261e+02, 1.22258700e-02, 2.60937103e+02,
       3.54540314e+02, 1.41710527e-02, 2.56778534e+02, 3.46223145e+02,
       1.15374494e-02, 2.55946808e+02, 3.42064575e+02, 8.86854809e-03,
       2.55115097e+02, 3.56758209e+02, 1.12137813e-02, 2.59828156e+02,
       3.54540314e+02, 1.93657316e-02, 2.56501282e+02, 3.47332092e+02,
       1.02276206e-02, 2.55392334e+02, 3.41787323e+02, 4.87625878e-03,
       2.54837860e+02, 3.56758209e+02, 1.49341784e-02, 2.59273682e+02,
       3.54263062e+02, 1.73284598e-02, 2.58996429e+02, 3.53985840e+02,
       1.05625587e-02, 2.55392334e+02, 3.43727997e+02, 7.68023264e-03,
       2.52897186e+02, 3.56758209e+02, 1.96181219e-02, 2.53174423e+02,
       3.54263062e+02, 1.28823556e-02, 2.55392334e+02, 3.50104492e+02,
       1.03479428e-02, 2.54837860e+02, 3.43450745e+02, 8.75904132e-03 ]
