%YAML:1.0
---
hand_left_0: !!opencv-matrix
   rows: 2
   cols: 21
   dt: "3f"
   data: [ 3.15980927e+02, 2.77367828e+02, 1.75582245e-01,
       3.16167877e+02, 2.81667206e+02, 4.43854406e-02, 3.27196716e+02,
       2.89705170e+02, 6.99179173e-02, 3.09625305e+02, 3.02603333e+02,
       6.98088035e-02, 3.11494629e+02, 3.05033417e+02, 7.11378604e-02,
       3.29066010e+02, 2.90079041e+02, 3.83107886e-02, 3.28692169e+02,
       2.91013702e+02, 1.24821709e-02, 3.22897339e+02, 3.01294830e+02,
       2.27877535e-02, 3.21775757e+02, 2.92135254e+02, 1.21608097e-02,
       3.28505219e+02, 2.88396667e+02, 2.09966302e-02, 3.28879089e+02,
       2.91761414e+02, 9.98333283e-03, 3.24579712e+02, 3.02042542e+02,
       2.17346512e-02, 3.24953552e+02, 3.03164124e+02, 1.11395055e-02,
       3.26075134e+02, 2.91948334e+02, 1.77678466e-02, 3.28505219e+02,
       2.91761414e+02, 1.04913078e-02, 3.24766632e+02, 3.02603333e+02,
       1.40655152e-02, 3.23832001e+02, 3.02977203e+02, 1.55462539e-02,
       3.26262085e+02, 2.91387543e+02, 2.34724525e-02, 3.29066010e+02,
       2.90639832e+02, 1.44531811e-02, 3.31496094e+02, 2.98117035e+02,
       1.55495042e-02, 3.23458130e+02, 3.02977203e+02, 1.06668025e-02,
       0., 0., 0., 0., 0., 0., 0., 0., 0., 0., 0., 0., 0., 0., 0., 0.,
       0., 0., 0., 0., 0., 0., 0., 0., 0., 0., 0., 0., 0., 0., 0., 0.,
       0., 0., 0., 0., 0., 0., 0., 0., 0., 0., 0., 0., 0., 0., 0., 0.,
       0., 0., 0., 0., 0., 0., 0., 0., 0., 0., 0., 0., 0., 0., 0. ]
