%YAML:1.0
---
hand_left_0: !!opencv-matrix
   rows: 1
   cols: 21
   dt: "3f"
   data: [ 4.18039459e+02, 4.25100189e+02, 3.66857976e-01,
       4.04199066e+02, 4.29003876e+02, 4.69784349e-01, 3.94617249e+02,
       4.40005219e+02, 7.20210254e-01, 3.93907501e+02, 4.51006561e+02,
       7.00588644e-01, 3.95327026e+02, 4.59523712e+02, 5.00796139e-01,
       4.04908813e+02, 4.49941925e+02, 5.97546399e-01, 4.04908813e+02,
       4.62362762e+02, 6.92566991e-01, 3.98875824e+02, 4.67686005e+02,
       6.59127831e-01, 3.94972137e+02, 4.70879944e+02, 6.92312479e-01,
       4.14490631e+02, 4.51006561e+02, 5.59644520e-01, 4.14845520e+02,
       4.65201813e+02, 7.03275919e-01, 4.07038116e+02, 4.73718994e+02,
       6.13018095e-01, 4.01714874e+02, 4.76558044e+02, 4.57660705e-01,
       4.21588257e+02, 4.49941925e+02, 4.58069652e-01, 4.23007782e+02,
       4.64137177e+02, 3.15281570e-01, 4.19458984e+02, 4.73718994e+02,
       3.06035787e-01, 4.12361328e+02, 4.79397095e+02, 2.49517202e-01,
       4.27976135e+02, 4.48167511e+02, 2.30134666e-01, 4.27976135e+02,
       4.59168823e+02, 2.43233472e-01, 4.25846832e+02, 4.69460419e+02,
       1.91201597e-01, 4.23717560e+02, 4.72654358e+02, 1.80343688e-01 ]
