%YAML:1.0
---
hand_left_0: !!opencv-matrix
   rows: 6
   cols: 21
   dt: "3f"
   data: [ 3.00471710e+02, 2.66606598e+02, 3.26512814e-01,
       2.93004578e+02, 2.58460632e+02, 2.71737784e-01, 2.85311157e+02,
       2.50993500e+02, 1.57256797e-01, 2.75128723e+02, 2.43978928e+02,
       1.33799314e-01, 2.68340393e+02, 2.46241699e+02, 7.98637494e-02,
       2.84632324e+02, 2.51672333e+02, 2.85134137e-01, 2.78749146e+02,
       2.50993500e+02, 2.43852675e-01, 2.73544769e+02, 2.51446060e+02,
       3.47172111e-01, 2.68792969e+02, 2.52124893e+02, 3.58932555e-01,
       2.83953491e+02, 2.57329254e+02, 3.76854002e-01, 2.77165192e+02,
       2.56650421e+02, 3.95035863e-01, 2.70150635e+02, 2.56424133e+02,
       4.69301909e-01, 2.65172546e+02, 2.56424133e+02, 4.88762468e-01,
       2.84632324e+02, 2.63665009e+02, 4.94313687e-01, 2.76712646e+02,
       2.62986176e+02, 6.39168859e-01, 2.69924347e+02, 2.61402222e+02,
       6.02176964e-01, 2.65172546e+02, 2.60723419e+02, 6.08221889e-01,
       2.83727234e+02, 2.69095642e+02, 5.05785108e-01, 2.75807526e+02,
       2.68643097e+02, 6.09565854e-01, 2.71960846e+02, 2.67059143e+02,
       5.99260688e-01, 2.68792969e+02, 2.66380310e+02, 5.35502195e-01,
       0., 0., 0., 0., 0., 0., 0., 0., 0., 0., 0., 0., 0., 0., 0., 0.,
       0., 0., 0., 0., 0., 0., 0., 0., 0., 0., 0., 0., 0., 0., 0., 0.,
       0., 0., 0., 0., 0., 0., 0., 0., 0., 0., 0., 0., 0., 0., 0., 0.,
       0., 0., 0., 0., 0., 0., 0., 0., 0., 0., 0., 0., 0., 0., 0.,
       3.65577789e+02, 1.99368500e+02, 8.08590502e-02, 3.64176819e+02,
       1.95866074e+02, 1.16455875e-01, 3.69080231e+02, 1.87927216e+02,
       7.17345476e-02, 3.72582642e+02, 1.76252441e+02, 5.05067781e-02,
       4.00602112e+02, 1.95632568e+02, 3.61337587e-02, 4.00602112e+02,
       1.99368500e+02, 2.85802428e-02, 3.96399200e+02, 2.02403946e+02,
       4.97151278e-02, 4.02236603e+02, 2.01236465e+02, 4.78708558e-02,
       3.85891907e+02, 2.10342804e+02, 2.50046030e-02, 3.98500671e+02,
       1.99835495e+02, 1.77554637e-02, 3.98967651e+02, 2.06840363e+02,
       3.90201807e-02, 4.02703583e+02, 2.04972397e+02, 2.79771034e-02,
       3.85424896e+02, 2.10342804e+02, 1.37106720e-02, 3.89861328e+02,
       2.10576294e+02, 1.39568215e-02, 3.96866211e+02, 2.08941818e+02,
       2.91297827e-02, 3.99201141e+02, 2.10809784e+02, 1.74925122e-02,
       4.01769592e+02, 2.13845230e+02, 1.17290467e-02, 3.52035034e+02,
       2.10809784e+02, 1.32022165e-02, 3.54136505e+02, 2.08474838e+02,
       1.45534612e-02, 4.02236603e+02, 2.12444260e+02, 1.88234728e-02,
       4.01769592e+02, 2.12444260e+02, 1.25417300e-02, 5.66053345e+02,
       2.94849915e+02, 2.88404357e-02, 5.28735107e+02, 2.74027435e+02,
       2.13108659e-02, 5.59292786e+02, 3.03773865e+02, 1.97191350e-02,
       5.39552002e+02, 2.65644348e+02, 2.61488687e-02, 5.40904114e+02,
       2.64833069e+02, 1.82553716e-02, 5.41985779e+02, 2.86466858e+02,
       2.36435458e-02, 5.48475891e+02, 2.72134460e+02, 4.20282148e-02,
       5.47664673e+02, 2.67807709e+02, 3.61212976e-02, 5.41715393e+02,
       2.64833069e+02, 1.48763675e-02, 5.40363281e+02, 2.80247131e+02,
       1.91697665e-02, 5.48746338e+02, 2.74568268e+02, 3.32804620e-02,
       5.45230835e+02, 2.69159821e+02, 2.84771081e-02, 5.40363281e+02,
       2.64833069e+02, 1.70103535e-02, 5.41985779e+02, 2.81599243e+02,
       4.09249067e-02, 5.40092834e+02, 2.75920380e+02, 3.75686027e-02,
       5.39281555e+02, 2.68889404e+02, 3.26908566e-02, 5.40633667e+02,
       2.65373932e+02, 1.88648310e-02, 5.40363281e+02, 2.82951355e+02,
       5.92086762e-02, 5.37659058e+02, 2.77002075e+02, 5.80752827e-02,
       5.36306946e+02, 2.75649963e+02, 5.30860126e-02, 5.35495667e+02,
       2.74297852e+02, 1.88089926e-02, 5.34352722e+02, 2.03721069e+02,
       1.40095931e-02, 5.28033813e+02, 1.75371307e+02, 2.82198843e-02,
       5.20177856e+02, 1.72297241e+02, 5.15291393e-02, 5.18128479e+02,
       1.72297241e+02, 3.05044726e-02, 5.42037903e+02, 1.85959763e+02,
       1.63535196e-02, 5.18128479e+02, 1.70930984e+02, 1.78817630e-01,
       5.42721008e+02, 1.83910385e+02, 3.92852351e-02, 5.43745728e+02,
       1.86130554e+02, 5.93298934e-02, 5.46478210e+02, 1.87496796e+02,
       3.70520242e-02, 5.20177856e+02, 1.73834274e+02, 1.23593986e-01,
       5.44941223e+02, 1.90058533e+02, 2.32889485e-02, 5.44941223e+02,
       1.90400085e+02, 4.21737954e-02, 5.44770386e+02, 1.91595566e+02,
       2.17176992e-02, 5.22398010e+02, 1.76566772e+02, 1.10039122e-01,
       5.45624329e+02, 1.91766342e+02, 2.99526434e-02, 5.45453552e+02,
       1.91595566e+02, 2.85602286e-02, 5.45282776e+02, 1.92107910e+02,
       1.98837351e-02, 5.24788940e+02, 1.78957718e+02, 6.25095889e-02,
       5.24618164e+02, 1.83227264e+02, 3.25597003e-02, 5.25472107e+02,
       1.83910385e+02, 2.76330337e-02, 5.25813660e+02, 1.83910385e+02,
       1.67400315e-02, 0., 0., 0., 0., 0., 0., 0., 0., 0., 0., 0., 0.,
       0., 0., 0., 0., 0., 0., 0., 0., 0., 0., 0., 0., 0., 0., 0., 0.,
       0., 0., 0., 0., 0., 0., 0., 0., 0., 0., 0., 0., 0., 0., 0., 0.,
       0., 0., 0., 0., 0., 0., 0., 0., 0., 0., 0., 0., 0., 0., 0., 0.,
       0., 0., 0. ]
