%YAML:1.0
---
hand_left_0: !!opencv-matrix
   rows: 4
   cols: 21
   dt: "3f"
   data: [ 3.72406647e+02, 4.31889008e+02, 2.56738905e-02,
       3.59310333e+02, 4.25750092e+02, 1.48949651e-02, 3.68177612e+02,
       4.31070465e+02, 1.44203063e-02, 3.68723297e+02, 4.30934052e+02,
       1.36997979e-02, 3.72133789e+02, 4.03104401e+02, 7.49057019e-03,
       3.68177612e+02, 4.29979126e+02, 1.31417075e-02, 3.78136292e+02,
       4.10471069e+02, 1.30089615e-02, 3.73225159e+02, 4.03922913e+02,
       9.09981411e-03, 3.72543060e+02, 4.04332153e+02, 7.12803332e-03,
       3.68723297e+02, 4.30388367e+02, 7.72471773e-03, 3.73770844e+02,
       4.03922913e+02, 5.61863510e-03, 3.73770844e+02, 4.04059326e+02,
       5.50702401e-03, 3.74180115e+02, 4.03650055e+02, 3.93503997e-03,
       3.68723297e+02, 4.30251953e+02, 7.34841079e-03, 3.77727020e+02,
       4.08970459e+02, 6.26225583e-03, 3.78136292e+02, 4.09243286e+02,
       7.73607846e-03, 3.78681946e+02, 4.09243286e+02, 4.71665477e-03,
       3.77863434e+02, 4.10198212e+02, 1.67998970e-02, 3.78545532e+02,
       4.10743896e+02, 1.72030088e-02, 3.80046173e+02, 4.11425995e+02,
       1.84030682e-02, 3.79636902e+02, 4.11016754e+02, 8.68489500e-03,
       4.61210358e+02, 3.99485962e+02, 1.47815505e-02, 4.63050537e+02,
       3.95192200e+02, 1.32884076e-02, 4.62028198e+02, 4.02757385e+02,
       6.36252901e-03, 4.63050537e+02, 3.92534180e+02, 4.96768719e-03,
       4.58552307e+02, 3.92534180e+02, 8.29148386e-03, 4.62846069e+02,
       3.92125244e+02, 8.09793919e-03, 4.63255005e+02, 3.92125244e+02,
       1.39553854e-02, 4.64890717e+02, 3.90694000e+02, 3.88407968e-02,
       4.60392487e+02, 3.93352020e+02, 5.48965558e-02, 4.63050537e+02,
       3.91716309e+02, 7.38567952e-03, 4.63459442e+02, 3.92125244e+02,
       1.10315569e-02, 4.66321960e+02, 3.90285065e+02, 3.04627586e-02,
       4.61414825e+02, 3.93352020e+02, 3.23073715e-02, 4.63255005e+02,
       3.92738647e+02, 1.10477116e-02, 4.63459442e+02, 3.92943115e+02,
       7.76956603e-03, 4.63663910e+02, 3.92738647e+02, 1.34279756e-02,
       4.61619293e+02, 3.93556488e+02, 3.49671878e-02, 4.63050537e+02,
       3.93147583e+02, 1.00022880e-02, 4.63868378e+02, 3.93352020e+02,
       1.13880420e-02, 4.66935333e+02, 3.93352020e+02, 3.44305821e-02,
       4.63050537e+02, 3.93556488e+02, 3.18517350e-02, 1.42268051e+02,
       5.14777832e+02, 2.87164859e-02, 1.51200577e+02, 5.30711548e+02,
       2.30456181e-02, 1.48786377e+02, 5.29383728e+02, 4.76936921e-02,
       1.48544968e+02, 5.30832275e+02, 1.33902589e-02, 1.48182831e+02,
       5.30952942e+02, 6.82731578e-03, 1.47699997e+02, 5.37712708e+02,
       8.77462886e-03, 1.48182831e+02, 5.38195557e+02, 1.14897797e-02,
       1.49027802e+02, 5.31918640e+02, 9.51214135e-03, 1.39733139e+02,
       5.22744690e+02, 6.04655361e-03, 1.48182831e+02, 5.36384888e+02,
       1.15109617e-02, 1.49027802e+02, 5.37350586e+02, 1.24783479e-02,
       1.49148514e+02, 5.31797913e+02, 1.42806284e-02, 1.49148514e+02,
       5.33970703e+02, 4.02330980e-03, 1.48544968e+02, 5.36143494e+02,
       1.16722686e-02, 1.48786377e+02, 5.37109131e+02, 1.51584307e-02,
       1.48786377e+02, 5.37109131e+02, 1.13411527e-02, 1.48907089e+02,
       5.37229858e+02, 5.90247661e-03, 1.48303543e+02, 5.37350586e+02,
       1.24803819e-02, 1.48544968e+02, 5.37954102e+02, 1.75774507e-02,
       1.48182831e+02, 5.37109131e+02, 1.13411471e-02, 1.48544968e+02,
       5.37350586e+02, 7.86724687e-03, 2.86006592e+02, 4.74406342e+02,
       2.69842949e-02, 3.00271667e+02, 4.65424622e+02, 1.66446026e-02,
       2.67867065e+02, 4.91489197e+02, 1.72381531e-02, 2.83188812e+02,
       4.93602539e+02, 2.07364243e-02, 2.83541016e+02, 4.95011444e+02,
       1.19975144e-02, 2.99919434e+02, 4.74406342e+02, 5.08829989e-02,
       2.99214996e+02, 4.67009644e+02, 2.44612888e-01, 2.93579407e+02,
       4.65776855e+02, 3.29407841e-01, 2.88296051e+02, 4.66657410e+02,
       2.63836414e-01, 2.99743317e+02, 4.76343567e+02, 4.81625162e-02,
       2.92874969e+02, 4.76519684e+02, 1.85343087e-01, 2.83188812e+02,
       4.71588562e+02, 3.54406834e-01, 2.79138214e+02, 4.67361877e+02,
       1.75548494e-01, 3.02032776e+02, 4.79513580e+02, 2.63005346e-02,
       2.90585510e+02, 4.83564178e+02, 5.20639010e-02, 2.81603790e+02,
       4.77928589e+02, 4.04360630e-02, 2.77729340e+02, 4.67714081e+02,
       9.70249176e-02, 2.88648285e+02, 4.83740265e+02, 1.78632550e-02,
       2.88472168e+02, 4.84444733e+02, 2.95858718e-02, 2.84949921e+02,
       4.87790863e+02, 3.19633074e-02, 2.84421570e+02, 4.84092499e+02,
       1.87596902e-02 ]
