%YAML:1.0
---
face_0: !!opencv-matrix
   rows: 1
   cols: 70
   dt: "3f"
   data: [ 2.81718811e+02, 2.35855652e+02, 6.78648531e-01,
       2.81389282e+02, 2.43435242e+02, 7.29695618e-01, 2.82377930e+02,
       2.51014847e+02, 7.53636360e-01, 2.83696106e+02, 2.58594452e+02,
       8.41145396e-01, 2.88309784e+02, 2.66174042e+02, 7.90932298e-01,
       2.92923431e+02, 2.72105896e+02, 7.92437553e-01, 2.98855316e+02,
       2.77708221e+02, 7.52555430e-01, 3.04128052e+02, 2.82651428e+02,
       7.98825502e-01, 3.11378113e+02, 2.85287811e+02, 8.12541366e-01,
       3.20605438e+02, 2.84628723e+02, 8.30813885e-01, 3.29832794e+02,
       2.80674133e+02, 7.37738550e-01, 3.38401031e+02, 2.76719574e+02,
       7.54116774e-01, 3.45651093e+02, 2.70128601e+02, 6.44822598e-01,
       3.51253387e+02, 2.61560364e+02, 6.75454736e-01, 3.54219330e+02,
       2.52662582e+02, 6.19289279e-01, 3.54878418e+02, 2.43105698e+02,
       6.24188781e-01, 3.54878418e+02, 2.34867004e+02, 5.06634653e-01,
       2.84025665e+02, 2.26298767e+02, 7.61084080e-01, 2.88968872e+02,
       2.22673737e+02, 8.22389185e-01, 2.94241638e+02, 2.22344193e+02,
       8.95946026e-01, 2.99514404e+02, 2.23991928e+02, 8.56516600e-01,
       3.04787170e+02, 2.26628311e+02, 8.11050475e-01, 3.17309967e+02,
       2.26957855e+02, 8.61845911e-01, 3.23571381e+02, 2.24980576e+02,
       8.35423708e-01, 3.31150970e+02, 2.24980576e+02, 7.88711488e-01,
       3.38401031e+02, 2.26957855e+02, 7.19518065e-01, 3.43014709e+02,
       2.29594238e+02, 5.86803675e-01, 3.09730377e+02, 2.33548813e+02,
       8.03887069e-01, 3.09400818e+02, 2.40139771e+02, 8.37039769e-01,
       3.08082642e+02, 2.45742081e+02, 8.58320534e-01, 3.07423553e+02,
       2.51344391e+02, 8.51270497e-01, 3.03468964e+02, 2.54969421e+02,
       7.97784567e-01, 3.05446259e+02, 2.55958069e+02, 8.88533115e-01,
       3.08412201e+02, 2.56617157e+02, 8.38841856e-01, 3.12366760e+02,
       2.56287598e+02, 9.09216523e-01, 3.15332703e+02, 2.55628510e+02,
       8.62300634e-01, 2.88968872e+02, 2.32889725e+02, 9.32710350e-01,
       2.93252991e+02, 2.29923798e+02, 8.99248302e-01, 2.98855316e+02,
       2.30253342e+02, 8.74556005e-01, 3.02150787e+02, 2.35196548e+02,
       9.50298011e-01, 2.97537109e+02, 2.36185196e+02, 8.58204186e-01,
       2.91934814e+02, 2.35855652e+02, 8.97198975e-01, 3.22582733e+02,
       2.36514740e+02, 8.97643447e-01, 3.27196411e+02, 2.32230621e+02,
       8.57439637e-01, 3.33128265e+02, 2.32230621e+02, 9.41698909e-01,
       3.36753296e+02, 2.35526108e+02, 9.00076985e-01, 3.33457825e+02,
       2.37832932e+02, 9.15038526e-01, 3.27525940e+02, 2.37832932e+02,
       8.94656479e-01, 2.99514404e+02, 2.64196747e+02, 9.27838981e-01,
       3.02480316e+02, 2.62549011e+02, 8.89227629e-01, 3.06105347e+02,
       2.61560364e+02, 8.81131709e-01, 3.08741730e+02, 2.62549011e+02,
       8.23007464e-01, 3.12037201e+02, 2.61560364e+02, 8.51241589e-01,
       3.15662231e+02, 2.63537659e+02, 8.68618190e-01, 3.20605438e+02,
       2.64855835e+02, 8.40393543e-01, 3.16321320e+02, 2.67162689e+02,
       8.19613814e-01, 3.12366760e+02, 2.69139984e+02, 9.14864898e-01,
       3.09071289e+02, 2.69139984e+02, 8.95206094e-01, 3.05446259e+02,
       2.69139984e+02, 8.58164668e-01, 3.02480316e+02, 2.67162689e+02,
       8.80146086e-01, 3.01821228e+02, 2.64526306e+02, 9.13677990e-01,
       3.05775818e+02, 2.64526306e+02, 8.81865799e-01, 3.08741730e+02,
       2.64855835e+02, 8.43489170e-01, 3.12037201e+02, 2.64526306e+02,
       8.69580567e-01, 3.17969055e+02, 2.64526306e+02, 8.55906963e-01,
       3.12037201e+02, 2.64526306e+02, 8.57614517e-01, 3.08741730e+02,
       2.65185394e+02, 8.32903683e-01, 3.05775818e+02, 2.64855835e+02,
       8.54703903e-01, 2.96548462e+02, 2.32560181e+02, 7.67911494e-01,
       3.30821442e+02, 2.34537460e+02, 7.58959651e-01 ]
