%YAML:1.0
---
pose_0: !!opencv-matrix
   rows: 1
   cols: 25
   dt: "3f"
   data: [ 3.59841034e+02, 4.05129608e+02, 4.47834581e-01,
       3.55041351e+02, 4.09982758e+02, 7.16228783e-01, 3.54905151e+02,
       4.10004608e+02, 6.96577072e-01, 3.50116058e+02, 4.21330536e+02,
       5.31636000e-01, 3.53301178e+02, 4.31022705e+02, 3.73568296e-01,
       3.56626099e+02, 4.10034882e+02, 6.17528856e-01, 3.58218597e+02,
       4.21372040e+02, 2.83625990e-01, 3.59821228e+02, 4.31005005e+02,
       2.11058781e-01, 3.54966858e+02, 4.32703308e+02, 6.53846025e-01,
       3.53339600e+02, 4.32696259e+02, 6.51900709e-01, 3.54861176e+02,
       4.47233917e+02, 5.74700594e-01, 3.53281891e+02, 4.60208649e+02,
       4.46620524e-01, 3.56573303e+02, 4.32707764e+02, 6.25545442e-01,
       3.56531647e+02, 4.47195496e+02, 5.43318510e-01, 3.54971130e+02,
       4.60186127e+02, 4.48610157e-01, 3.58237335e+02, 4.01921539e+02,
       4.37692225e-01, 3.58237274e+02, 4.03531281e+02, 2.42658392e-01,
       3.56546509e+02, 4.03506195e+02, 5.20248175e-01, 3.56596985e+02,
       4.05122894e+02, 6.16306216e-02, 3.58188934e+02, 4.63422607e+02,
       2.93682933e-01, 3.58206207e+02, 4.63375641e+02, 2.86556482e-01,
       3.54926300e+02, 4.61833130e+02, 3.32968175e-01, 3.53360748e+02,
       4.63380615e+02, 3.58337075e-01, 3.53306000e+02, 4.63372620e+02,
       3.45639199e-01, 3.50116699e+02, 4.63402954e+02, 3.27842534e-01 ]
