%YAML:1.0
---
hand_right_0: !!opencv-matrix
   rows: 1
   cols: 21
   dt: "3f"
   data: [ 2.27435242e+02, 6.36258362e+02, 6.43864349e-02,
       2.37268616e+02, 6.36258362e+02, 5.24901003e-02, 2.43004761e+02,
       6.15772156e+02, 6.00808412e-02, 2.43004761e+02, 5.72341370e+02,
       5.62328659e-02, 2.71685425e+02, 5.52674622e+02, 5.06760404e-02,
       2.39726959e+02, 5.75619202e+02, 2.78969795e-01, 2.29893585e+02,
       5.51035767e+02, 3.59127969e-01, 2.13504623e+02, 5.38744019e+02,
       3.66253674e-01, 2.00393463e+02, 5.31369019e+02, 3.62889946e-01,
       2.24976898e+02, 5.78077515e+02, 3.57697427e-01, 2.08587936e+02,
       5.54313538e+02, 4.08775270e-01, 1.97115662e+02, 5.42021790e+02,
       5.10128379e-01, 1.90560074e+02, 5.31369019e+02, 4.06708390e-01,
       2.15143524e+02, 5.82994202e+02, 3.94257724e-01, 2.02032349e+02,
       5.62507996e+02, 4.52239513e-01, 1.91379532e+02, 5.49396851e+02,
       4.18615162e-01, 1.84004501e+02, 5.40382935e+02, 3.10850114e-01,
       2.03671249e+02, 5.84633118e+02, 2.98639685e-01, 1.96296219e+02,
       5.68244141e+02, 3.30271214e-01, 1.90560074e+02, 5.58410767e+02,
       3.04350674e-01, 1.84823944e+02, 5.51035767e+02, 2.03000382e-01 ]
