%YAML:1.0
---
hand_left_0: !!opencv-matrix
   rows: 8
   cols: 21
   dt: "3f"
   data: [ 3.74878479e+02, 3.73353973e+02, 3.61887664e-02,
       3.72761688e+02, 3.68969208e+02, 2.52345391e-02, 3.65352936e+02,
       3.72597992e+02, 5.63601926e-02, 3.60665741e+02, 3.66096436e+02,
       2.35870183e-02, 3.81077637e+02, 3.62467651e+02, 2.36324500e-02,
       3.66562531e+02, 3.72144409e+02, 1.52281582e-01, 3.65050537e+02,
       3.73353973e+02, 2.21617520e-02, 3.81380035e+02, 3.62467651e+02,
       1.18871694e-02, 3.67469727e+02, 3.70783600e+02, 1.28778256e-02,
       3.66562531e+02, 3.72749207e+02, 3.73699516e-02, 3.62328949e+02,
       3.78494751e+02, 9.29600839e-03, 3.66260132e+02, 3.73353973e+02,
       6.57897117e-03, 3.67469727e+02, 3.70481201e+02, 1.09944623e-02,
       3.66411316e+02, 3.73353973e+02, 3.28521729e-02, 3.62328949e+02,
       3.78494751e+02, 1.22130094e-02, 3.66411316e+02, 3.77889954e+02,
       7.20040407e-03, 3.69737701e+02, 3.79704346e+02, 7.63205672e-03,
       3.66713715e+02, 3.73202789e+02, 2.90085021e-02, 3.81833618e+02,
       3.63072449e+02, 1.03915501e-02, 3.49477020e+02, 3.75924377e+02,
       1.48811489e-02, 3.68225708e+02, 3.78645966e+02, 7.61516253e-03,
       0., 0., 0., 0., 0., 0., 0., 0., 0., 0., 0., 0., 0., 0., 0., 0.,
       0., 0., 0., 0., 0., 0., 0., 0., 0., 0., 0., 0., 0., 0., 0., 0.,
       0., 0., 0., 0., 0., 0., 0., 0., 0., 0., 0., 0., 0., 0., 0., 0.,
       0., 0., 0., 0., 0., 0., 0., 0., 0., 0., 0., 0., 0., 0., 0.,
       1.78291824e+02, 4.34258606e+02, 3.92384306e-02, 1.62403534e+02,
       4.43165680e+02, 4.90011014e-02, 1.45070847e+02, 4.49183990e+02,
       3.76747586e-02, 1.43626465e+02, 4.37869598e+02, 2.92010661e-02,
       1.58311096e+02, 4.47017395e+02, 2.01184470e-02, 1.61199875e+02,
       4.44610077e+02, 4.57350388e-02, 1.56866699e+02, 4.48943237e+02,
       5.08414395e-02, 1.56866699e+02, 4.54480072e+02, 9.42797735e-02,
       1.56625977e+02, 4.58091064e+02, 4.00430039e-02, 1.60236954e+02,
       4.45572998e+02, 4.27095778e-02, 1.61922073e+02, 4.47739594e+02,
       7.49490112e-02, 1.62162796e+02, 4.53517151e+02, 6.49778768e-02,
       1.61922073e+02, 4.53517151e+02, 4.29016128e-02, 1.63366455e+02,
       4.51350555e+02, 3.27099487e-02, 1.64329391e+02, 4.47739594e+02,
       6.97793663e-02, 1.62884995e+02, 4.53035706e+02, 5.86899184e-02,
       1.60477676e+02, 4.53276428e+02, 3.90115753e-02, 1.66977432e+02,
       4.52313507e+02, 4.07497212e-02, 1.68903290e+02, 4.49183990e+02,
       3.86694670e-02, 1.68421829e+02, 4.51109833e+02, 4.31650095e-02,
       1.67218170e+02, 4.52554230e+02, 2.59076059e-02, 2.94819550e+02,
       5.57657410e+02, 3.68384831e-02, 2.93099640e+02, 5.60882202e+02,
       4.64176685e-02, 2.91917206e+02, 5.61957153e+02, 2.78847758e-02,
       2.94819550e+02, 5.67761902e+02, 3.44582647e-02, 2.93637115e+02,
       5.71524170e+02, 1.92292705e-02, 2.95249542e+02, 5.69159302e+02,
       1.45503953e-02, 2.95787018e+02, 5.69374268e+02, 1.69445816e-02,
       2.97291931e+02, 5.70986694e+02, 3.59041095e-02, 2.94389587e+02,
       5.72921631e+02, 3.38887386e-02, 2.93422119e+02, 5.71094177e+02,
       9.60112363e-03, 2.95357025e+02, 5.72276672e+02, 1.41183520e-02,
       2.96324463e+02, 5.72814087e+02, 2.53687091e-02, 2.94174591e+02,
       5.73029114e+02, 2.37436052e-02, 2.93422119e+02, 5.71309204e+02,
       8.83089006e-03, 2.95142029e+02, 5.72706604e+02, 1.08883595e-02,
       2.95034546e+02, 5.73351562e+02, 1.41907642e-02, 2.94819550e+02,
       5.73889038e+02, 1.91263705e-02, 2.92992157e+02, 5.71524170e+02,
       8.44365265e-03, 2.92347168e+02, 5.71094177e+02, 8.57943855e-03,
       2.93099640e+02, 5.71846680e+02, 1.00887474e-02, 2.93314636e+02,
       5.71954163e+02, 8.94469675e-03, 0., 0., 0., 0., 0., 0., 0., 0.,
       0., 0., 0., 0., 0., 0., 0., 0., 0., 0., 0., 0., 0., 0., 0., 0.,
       0., 0., 0., 0., 0., 0., 0., 0., 0., 0., 0., 0., 0., 0., 0., 0.,
       0., 0., 0., 0., 0., 0., 0., 0., 0., 0., 0., 0., 0., 0., 0., 0.,
       0., 0., 0., 0., 0., 0., 0., 0., 0., 0., 0., 0., 0., 0., 0., 0.,
       0., 0., 0., 0., 0., 0., 0., 0., 0., 0., 0., 0., 0., 0., 0., 0.,
       0., 0., 0., 0., 0., 0., 0., 0., 0., 0., 0., 0., 0., 0., 0., 0.,
       0., 0., 0., 0., 0., 0., 0., 0., 0., 0., 0., 0., 0., 0., 0., 0.,
       0., 0., 0., 0., 0., 0., 0., 0., 0., 0., 0., 0., 0., 0., 0., 0.,
       0., 0., 0., 0., 0., 0., 0., 0., 0., 0., 0., 0., 0., 0., 0., 0.,
       0., 0., 0., 0., 0., 0., 0., 0., 0., 0., 0., 0., 0., 0., 0., 0.,
       0., 0., 0., 0., 0., 0., 0., 0., 0., 0., 0., 0., 0., 0., 0., 0.,
       0., 0., 0., 0., 0., 3.71455780e+02, 6.03167786e+02,
       2.02043578e-02, 3.72359131e+02, 5.99780334e+02, 2.09441967e-02,
       3.75633667e+02, 5.89392090e+02, 2.88174376e-02, 3.75069092e+02,
       5.88940430e+02, 1.70602221e-02, 3.67277893e+02, 5.93005371e+02,
       8.91756453e-03, 3.77101593e+02, 5.89956665e+02, 1.54968008e-01,
       3.98329773e+02, 6.11523560e+02, 1.12527171e-02, 3.67503723e+02,
       5.94360352e+02, 1.22603206e-02, 3.68632904e+02, 5.95715332e+02,
       1.01831760e-02, 3.78004913e+02, 5.98989929e+02, 9.49851871e-02,
       3.68971649e+02, 5.99893250e+02, 4.08078767e-02, 3.68632904e+02,
       5.99667419e+02, 2.50919554e-02, 3.68858734e+02, 5.99780334e+02,
       2.91696396e-02, 3.78343658e+02, 6.00457825e+02, 8.37309137e-02,
       3.67164978e+02, 6.01361145e+02, 8.64774808e-02, 3.65697083e+02,
       6.01474060e+02, 5.23617640e-02, 3.70439545e+02, 6.02038635e+02,
       2.93073002e-02, 3.74391602e+02, 6.05313232e+02, 1.32074833e-01,
       3.67729553e+02, 6.06216553e+02, 1.25684813e-01, 3.68068298e+02,
       6.06216553e+02, 6.81767315e-02, 3.69423309e+02, 6.05877808e+02,
       5.55929616e-02 ]
