%YAML:1.0
---
hand_left_0: !!opencv-matrix
   rows: 1
   cols: 21
   dt: "3f"
   data: [ 4.21999359e+02, 2.50751831e+02, 2.74115086e-01,
       4.15435242e+02, 2.45224182e+02, 3.97878200e-01, 4.09216644e+02,
       2.31405045e+02, 5.72441101e-01, 4.02998047e+02, 2.19658783e+02,
       6.18658125e-01, 4.03343506e+02, 2.11021820e+02, 2.77804732e-01,
       4.13707855e+02, 2.22422607e+02, 1.85485005e-01, 4.13707855e+02,
       2.06530594e+02, 2.42287010e-01, 4.09907593e+02, 2.06185120e+02,
       2.04926267e-01, 4.05761871e+02, 2.11021820e+02, 3.75988543e-01,
       4.18199097e+02, 2.21386169e+02, 1.87034026e-01, 4.17853607e+02,
       2.06185120e+02, 2.77572811e-01, 4.24417694e+02, 2.03766769e+02,
       2.59919077e-01, 4.32363708e+02, 2.05148682e+02, 1.52572721e-01,
       4.21999359e+02, 2.20349731e+02, 2.42008358e-01, 4.21999359e+02,
       2.08948944e+02, 2.06557870e-01, 4.27181519e+02, 2.06185120e+02,
       3.03718686e-01, 4.32363708e+02, 2.03766769e+02, 3.02801043e-01,
       4.28563446e+02, 2.20004257e+02, 1.62484974e-01, 4.28908905e+02,
       2.13094696e+02, 1.72748208e-01, 4.29945343e+02, 2.11367294e+02,
       2.17789978e-01, 4.32709167e+02, 2.14131119e+02, 1.65230572e-01 ]
