%YAML:1.0
---
hand_left_0: !!opencv-matrix
   rows: 2
   cols: 21
   dt: "3f"
   data: [ 4.27411224e+02, 4.76692902e+02, 1.42831668e-01,
       4.23401276e+02, 4.77762238e+02, 2.35453933e-01, 4.14401154e+02,
       4.80346436e+02, 6.10590838e-02, 4.12262512e+02, 4.85693024e+02,
       1.01062283e-01, 4.11460541e+02, 4.87920776e+02, 4.47172858e-02,
       4.19658661e+02, 4.82574188e+02, 3.13594162e-01, 4.17698242e+02,
       4.85782135e+02, 1.64864585e-01, 4.16539795e+02, 4.88544556e+02,
       2.15312824e-01, 4.16183350e+02, 4.90861420e+02, 1.44466400e-01,
       4.21619080e+02, 4.83910828e+02, 3.47984940e-01, 4.20104218e+02,
       4.87029694e+02, 1.46847159e-01, 4.19213104e+02, 4.89257446e+02,
       1.62523344e-01, 4.19034882e+02, 4.89792084e+02, 8.70890468e-02,
       4.23579498e+02, 4.84445496e+02, 4.88765597e-01, 4.23223053e+02,
       4.87831665e+02, 3.12313676e-01, 4.22331970e+02, 4.89702972e+02,
       1.23406015e-01, 4.21975525e+02, 4.90415863e+02, 5.96309863e-02,
       4.26252808e+02, 4.84712830e+02, 5.44637680e-01, 4.26163696e+02,
       4.88277222e+02, 2.42221475e-01, 4.25005249e+02, 4.90415863e+02,
       8.54706392e-02, 4.24203278e+02, 4.90504974e+02, 5.31053729e-02,
       2.32772690e+02, 4.67088837e+02, 3.56934816e-02, 2.02836212e+02,
       4.77725616e+02, 1.50375469e-02, 2.02726547e+02, 4.77615967e+02,
       1.41153727e-02, 2.08099762e+02, 4.74435883e+02, 1.69051010e-02,
       2.08648056e+02, 4.76958008e+02, 3.04161292e-02, 2.24109756e+02,
       4.76080750e+02, 9.19622462e-03, 2.23342148e+02, 4.75971100e+02,
       1.42282769e-02, 2.09963943e+02, 4.76080750e+02, 1.29241701e-02,
       2.09854279e+02, 4.77067688e+02, 1.26065649e-02, 2.25535294e+02,
       4.75861450e+02, 8.57470371e-03, 2.10731552e+02, 4.75313141e+02,
       2.01906431e-02, 2.16433731e+02, 4.73668304e+02, 2.91038286e-02,
       2.11170181e+02, 4.76190430e+02, 1.67010799e-02, 2.25754623e+02,
       4.75861450e+02, 8.52054358e-03, 2.11718460e+02, 4.75093842e+02,
       2.69686431e-02, 2.16762711e+02, 4.74106934e+02, 4.62318249e-02,
       2.12595718e+02, 4.78712524e+02, 1.90915987e-02, 2.27289825e+02,
       4.75971100e+02, 1.23989340e-02, 2.16872360e+02, 4.78164246e+02,
       3.64250690e-02, 2.15008179e+02, 4.78164246e+02, 5.48547842e-02,
       2.13692291e+02, 4.78822205e+02, 3.64064723e-02 ]
