%YAML:1.0
---
hand_left_0: !!opencv-matrix
   rows: 3
   cols: 21
   dt: "3f"
   data: [ 2.62519592e+02, 2.83737457e+02, 1.61887892e-02,
       2.63451050e+02, 2.88705200e+02, 2.75339633e-02, 2.64227264e+02,
       2.88860443e+02, 1.25542674e-02, 2.73076019e+02, 2.89947144e+02,
       8.90373439e-03, 2.74317963e+02, 2.90102386e+02, 6.49388181e-03,
       2.73852234e+02, 2.91033844e+02, 8.63551721e-03, 2.73386505e+02,
       2.90878601e+02, 7.30856927e-03, 2.73541748e+02, 2.90878601e+02,
       5.61821740e-03, 2.59570007e+02, 2.90257629e+02, 5.22112101e-03,
       2.73696991e+02, 2.91033844e+02, 5.08094905e-03, 2.73696991e+02,
       2.91189056e+02, 2.50439346e-03, 2.73852234e+02, 2.91189056e+02,
       3.66641255e-03, 2.59104279e+02, 2.90568115e+02, 1.12878834e-03,
       2.74007477e+02, 2.91033844e+02, 4.56661312e-03, 2.74162720e+02,
       2.91344299e+02, 3.31125734e-03, 2.76025635e+02, 2.92586243e+02,
       5.16436296e-03, 2.76336121e+02, 2.93207214e+02, 3.72188678e-03,
       2.59880493e+02, 2.90102386e+02, 7.88205769e-03, 2.74628448e+02,
       2.91189056e+02, 5.87708224e-03, 2.75870392e+02, 2.92120514e+02,
       5.73282083e-03, 2.76180878e+02, 2.92586243e+02, 4.29734821e-03,
       3.87019012e+02, 5.00854492e+02, 4.06293929e-01, 3.79782501e+02,
       5.02246155e+02, 4.42144692e-01, 3.68927704e+02, 5.08091034e+02,
       4.14720088e-01, 3.59742859e+02, 5.16719238e+02, 3.06964457e-01,
       3.58351227e+02, 5.22842407e+02, 2.25571007e-01, 3.65309418e+02,
       5.08369354e+02, 7.77688861e-01, 3.58351227e+02, 5.16440857e+02,
       7.29030907e-01, 3.58351227e+02, 5.21172485e+02, 6.44518912e-01,
       3.59186218e+02, 5.23399109e+02, 6.67484283e-01, 3.68371033e+02,
       5.11709290e+02, 7.11465359e-01, 3.63639465e+02, 5.19780823e+02,
       8.05708945e-01, 3.65309418e+02, 5.21729126e+02, 6.36899352e-01,
       3.67536041e+02, 5.19780823e+02, 6.15574896e-01, 3.72824280e+02,
       5.13935913e+02, 7.76550651e-01, 3.69484344e+02, 5.21729126e+02,
       7.69736290e-01, 3.70319336e+02, 5.22007446e+02, 6.71295822e-01,
       3.71710968e+02, 5.20615784e+02, 5.80696642e-01, 3.77277527e+02,
       5.16440857e+02, 7.10656643e-01, 3.74494263e+02, 5.21729126e+02,
       7.17570424e-01, 3.75050903e+02, 5.21729126e+02, 6.47653580e-01,
       3.75607574e+02, 5.20894104e+02, 4.83959705e-01, 0., 0., 0., 0.,
       0., 0., 0., 0., 0., 0., 0., 0., 0., 0., 0., 0., 0., 0., 0., 0.,
       0., 0., 0., 0., 0., 0., 0., 0., 0., 0., 0., 0., 0., 0., 0., 0.,
       0., 0., 0., 0., 0., 0., 0., 0., 0., 0., 0., 0., 0., 0., 0., 0.,
       0., 0., 0., 0., 0., 0., 0., 0., 0., 0., 0. ]
