%YAML:1.0
---
pose_0: !!opencv-matrix
   rows: 2
   cols: 25
   dt: "3f"
   data: [ 2.85835022e+02, 1.83499847e+02, 9.56135094e-01,
       2.70525238e+02, 2.27096176e+02, 8.08040321e-01, 2.40109695e+02,
       2.22699921e+02, 7.85702109e-01, 2.24890350e+02, 2.83691498e+02,
       7.77475715e-01, 2.70669373e+02, 2.68455658e+02, 7.97646344e-01,
       2.98965729e+02, 2.33613739e+02, 7.76599348e-01, 3.16332489e+02,
       2.81518616e+02, 3.82721573e-01, 3.16349274e+02, 2.92452576e+02,
       2.64186829e-01, 2.64070496e+02, 3.18532440e+02, 3.95204753e-01,
       2.42323837e+02, 3.20710175e+02, 3.93930584e-01, 2.35721786e+02,
       4.03489258e+02, 1.35439962e-01, 2.40111786e+02, 4.81950928e+02,
       7.11499825e-02, 2.85856018e+02, 3.16357239e+02, 3.88018131e-01,
       3.05529694e+02, 3.27278198e+02, 8.67829770e-02, 0., 0., 0.,
       2.79330658e+02, 1.79042038e+02, 8.40138376e-01, 2.90314056e+02,
       1.81240891e+02, 9.04202402e-01, 2.68441711e+02, 1.79165756e+02,
       7.81116843e-01, 3.03271759e+02, 1.83535828e+02, 7.63853788e-01,
       0., 0., 0., 0., 0., 0., 0., 0., 0., 0., 0., 0., 0., 0., 0.,
       2.40110077e+02, 4.79781464e+02, 5.82436100e-02, 3.20809296e+02,
       2.46641647e+02, 5.31601846e-01, 3.07631195e+02, 2.53268356e+02,
       4.18402970e-01, 2.98942688e+02, 2.51121841e+02, 4.10219967e-01,
       2.92401306e+02, 2.83677887e+02, 8.72667879e-02, 0., 0., 0., 0.,
       0., 0., 0., 0., 0., 0., 0., 0., 0., 0., 0., 0., 0., 0., 0., 0.,
       0., 0., 0., 0., 0., 0., 0., 0., 0., 0., 0., 0., 0.,
       3.20769440e+02, 2.37953720e+02, 5.79024613e-01, 3.22903748e+02,
       2.40178726e+02, 4.61104959e-01, 3.14153168e+02, 2.35760605e+02,
       4.52871323e-01, 0., 0., 0., 0., 0., 0., 0., 0., 0., 0., 0., 0.,
       0., 0., 0., 0., 0., 0., 0., 0., 0. ]
