%YAML:1.0
---
pose_0: !!opencv-matrix
   rows: 3
   cols: 25
   dt: "3f"
   data: [ 1.44605667e+02, 2.51634933e+02, 9.37655985e-01,
       1.16168106e+02, 3.01726288e+02, 8.93751144e-01, 8.12978363e+01,
       3.03827881e+02, 8.52874875e-01, 7.69430771e+01, 3.65051392e+02,
       8.88937950e-01, 1.27066231e+02, 3.38910187e+02, 8.79752994e-01,
       1.49013199e+02, 2.99568481e+02, 8.64785194e-01, 1.64248444e+02,
       3.56271729e+02, 7.92892814e-01, 1.81659698e+02, 3.91306549e+02,
       8.25402200e-01, 1.20534164e+02, 4.17432800e+02, 7.01857984e-01,
       9.65619431e+01, 4.17439819e+02, 7.33227313e-01, 9.44570389e+01,
       5.13575928e+02, 8.73461485e-01, 8.78146210e+01, 6.18272766e+02,
       7.49259651e-01, 1.46640915e+02, 4.17432587e+02, 7.16909468e-01,
       1.33654526e+02, 5.11317291e+02, 8.23996544e-01, 1.29200531e+02,
       6.18210815e+02, 8.49085450e-01, 1.33639328e+02, 2.45014542e+02,
       8.90542269e-01, 1.46812805e+02, 2.47190308e+02, 7.91725159e-01,
       1.11892952e+02, 2.51454697e+02, 9.31393623e-01, 0., 0., 0.,
       1.46776764e+02, 6.42352661e+02, 7.95488238e-01, 1.51182480e+02,
       6.35800476e+02, 8.21512222e-01, 1.16176529e+02, 6.24860474e+02,
       7.50812113e-01, 9.21330719e+01, 6.40122253e+02, 5.94898880e-01,
       7.68620682e+01, 6.37890503e+02, 5.90437055e-01, 8.99760361e+01,
       6.22746765e+02, 5.69289267e-01, 4.26285370e+02, 2.55874893e+02,
       9.51350212e-01, 4.43735504e+02, 2.93034668e+02, 9.10537124e-01,
       4.15248169e+02, 2.93002899e+02, 8.40954185e-01, 3.93559875e+02,
       3.43225525e+02, 6.88716292e-01, 3.75929962e+02, 3.54175140e+02,
       5.53598404e-01, 4.76325348e+02, 2.93064026e+02, 8.23997915e-01,
       4.85190125e+02, 3.58435699e+02, 8.70602429e-01, 4.83000366e+02,
       4.08761871e+02, 8.84339213e-01, 4.28403900e+02, 4.10921967e+02,
       7.58772373e-01, 4.08739716e+02, 4.10924927e+02, 7.44655669e-01,
       4.13089233e+02, 5.11356537e+02, 7.10436165e-01, 4.26267273e+02,
       6.00881958e+02, 6.24534726e-01, 4.50205780e+02, 4.10922699e+02,
       7.09378362e-01, 4.63226715e+02, 5.11274048e+02, 7.60468483e-01,
       4.85111206e+02, 6.11760864e+02, 6.16878688e-01, 4.23956451e+02,
       2.51473099e+02, 9.08850968e-01, 4.34935822e+02, 2.51469177e+02,
       8.91409934e-01, 0., 0., 0., 4.56737122e+02, 2.51559921e+02,
       8.78370047e-01, 4.56744690e+02, 6.29243530e+02, 4.67871189e-01,
       4.74198944e+02, 6.33540039e+02, 4.39514369e-01, 4.93902618e+02,
       6.22635986e+02, 4.83916819e-01, 3.99998260e+02, 6.24830444e+02,
       3.78996551e-01, 3.97788757e+02, 6.18256531e+02, 4.01984930e-01,
       4.39297821e+02, 6.13922607e+02, 4.54350650e-01, 2.66830750e+02,
       2.73356873e+02, 8.15144777e-01, 2.71145294e+02, 3.08326813e+02,
       9.02623534e-01, 2.38445633e+02, 3.21294739e+02, 8.54474187e-01,
       2.38429306e+02, 3.60704681e+02, 7.53610313e-01, 2.51542801e+02,
       3.97844452e+02, 5.39456606e-01, 3.03883545e+02, 3.03879333e+02,
       8.50840211e-01, 3.32323334e+02, 3.32350616e+02, 7.78190553e-01,
       2.90881989e+02, 3.23638702e+02, 8.46183300e-01, 2.90853271e+02,
       3.97821808e+02, 7.85520911e-01, 2.71197662e+02, 4.02202850e+02,
       7.92240620e-01, 2.71208893e+02, 4.76366821e+02, 8.98756802e-01,
       2.73454712e+02, 5.39759094e+02, 8.03255796e-01, 3.12682343e+02,
       3.93502563e+02, 7.67039776e-01, 3.19204437e+02, 4.65510773e+02,
       8.61223996e-01, 3.19261627e+02, 5.35328186e+02, 7.60380447e-01,
       2.53813049e+02, 2.71138916e+02, 8.95924866e-01, 2.69001343e+02,
       2.69003784e+02, 8.46758723e-01, 2.40642960e+02, 2.84220367e+02,
       7.63582230e-01, 2.77750244e+02, 2.66815552e+02, 2.40777433e-01,
       3.17053040e+02, 5.52799561e+02, 2.44306713e-01, 3.25772522e+02,
       5.50594116e+02, 3.06499273e-01, 3.17001862e+02, 5.44081421e+02,
       5.29011786e-01, 2.73358673e+02, 5.54970581e+02, 4.26333547e-01,
       2.66866882e+02, 5.52775452e+02, 4.72659767e-01, 2.79963898e+02,
       5.48357971e+02, 6.15185976e-01 ]
