%YAML:1.0
---
face_0: !!opencv-matrix
   rows: 1
   cols: 70
   dt: "3f"
   data: [ 3.11877197e+02, 2.10040100e+02, 2.21351571e-02,
       2.91307098e+02, 2.10502350e+02, 2.95791551e-02, 2.91307098e+02,
       2.19053970e+02, 4.72076498e-02, 2.90844849e+02, 2.28530075e+02,
       2.01976493e-01, 2.97085205e+02, 2.34308197e+02, 2.75899649e-01,
       3.04481201e+02, 2.39855179e+02, 4.63889956e-01, 3.13495056e+02,
       2.45171051e+02, 4.77412879e-01, 3.23202301e+02, 2.48637924e+02,
       4.52532411e-01, 3.32678406e+02, 2.47713425e+02, 5.61161220e-01,
       3.39612152e+02, 2.44939926e+02, 6.17568672e-01, 3.45159149e+02,
       2.39855179e+02, 5.70252955e-01, 3.50012756e+02, 2.34539322e+02,
       6.01562619e-01, 3.54635254e+02, 2.28761200e+02, 5.68168223e-01,
       3.58102112e+02, 2.22520844e+02, 5.26733458e-01, 3.60182251e+02,
       2.15587097e+02, 5.01088858e-01, 3.61106750e+02, 2.08884491e+02,
       3.73253852e-01, 3.60413361e+02, 2.02412994e+02, 2.35816523e-01,
       3.05867950e+02, 1.95248138e+02, 3.68301392e-01, 3.10259308e+02,
       1.92936890e+02, 5.71175814e-01, 3.16499695e+02, 1.92474640e+02,
       6.44909143e-01, 3.22277802e+02, 1.93861389e+02, 7.45528758e-01,
       3.26900299e+02, 1.97097122e+02, 6.49553955e-01, 3.38456512e+02,
       1.98946121e+02, 5.66228330e-01, 3.42847900e+02, 1.97097122e+02,
       7.19863296e-01, 3.47701508e+02, 1.96403748e+02, 6.35561466e-01,
       3.52555115e+02, 1.96865997e+02, 6.34206533e-01, 3.56253113e+02,
       1.98252747e+02, 4.11039114e-01, 3.32447296e+02, 2.03106369e+02,
       5.69600642e-01, 3.33834015e+02, 2.08653366e+02, 7.54180491e-01,
       3.34065155e+02, 2.13969223e+02, 8.40146959e-01, 3.34296265e+02,
       2.19747345e+02, 7.53505945e-01, 3.25282410e+02, 2.20902969e+02,
       7.31927633e-01, 3.29673798e+02, 2.21827469e+02, 7.85359383e-01,
       3.33834015e+02, 2.23214218e+02, 8.56543839e-01, 3.36838654e+02,
       2.22983093e+02, 8.00685048e-01, 3.39843262e+02, 2.22058594e+02,
       7.30682373e-01, 3.09797058e+02, 2.02644119e+02, 5.72146177e-01,
       3.13957306e+02, 2.03799744e+02, 6.50463581e-01, 3.17424194e+02,
       2.03799744e+02, 6.69150770e-01, 3.19966553e+02, 2.04493118e+02,
       5.15950441e-01, 3.17424194e+02, 2.04724243e+02, 7.40719438e-01,
       3.13726196e+02, 2.04724243e+02, 6.78846896e-01, 3.43310150e+02,
       2.05417618e+02, 7.89468288e-01, 3.45621399e+02, 2.04955368e+02,
       8.50644946e-01, 3.48857117e+02, 2.04955368e+02, 8.58483911e-01,
       3.51399506e+02, 2.05186493e+02, 6.90439284e-01, 3.48857117e+02,
       2.06110992e+02, 8.73118997e-01, 3.45852509e+02, 2.06110992e+02,
       8.67034495e-01, 3.19735413e+02, 2.28530075e+02, 7.68599749e-01,
       3.25282410e+02, 2.27143326e+02, 7.67428339e-01, 3.30136047e+02,
       2.26681076e+02, 7.09896326e-01, 3.32678406e+02, 2.26912201e+02,
       5.93966544e-01, 3.35914154e+02, 2.26681076e+02, 6.42485142e-01,
       3.39149902e+02, 2.28298950e+02, 4.44385141e-01, 3.42385651e+02,
       2.27836700e+02, 2.79999316e-01, 3.37994263e+02, 2.30379074e+02,
       4.88338739e-01, 3.35451904e+02, 2.31072449e+02, 5.92487991e-01,
       3.32447296e+02, 2.31765823e+02, 6.87306046e-01, 3.30136047e+02,
       2.31996948e+02, 6.52942657e-01, 3.25051300e+02, 2.31765823e+02,
       6.62461519e-01, 3.21815552e+02, 2.28761200e+02, 7.89700627e-01,
       3.30367157e+02, 2.28530075e+02, 6.95631325e-01, 3.32678406e+02,
       2.28530075e+02, 6.24280393e-01, 3.35683014e+02, 2.28067825e+02,
       5.85283041e-01, 3.40305511e+02, 2.27605576e+02, 3.07558477e-01,
       3.35683014e+02, 2.28067825e+02, 5.64802527e-01, 3.32447296e+02,
       2.28530075e+02, 6.54901862e-01, 3.30367157e+02, 2.28530075e+02,
       6.75321341e-01, 3.15344055e+02, 2.04493118e+02, 6.66596591e-01,
       3.47239258e+02, 2.05417618e+02, 7.91037440e-01 ]
