%YAML:1.0
---
hand_left_0: !!opencv-matrix
   rows: 4
   cols: 21
   dt: "3f"
   data: [ 3.70835449e+02, 4.21007294e+02, 8.40996280e-02,
       3.66483765e+02, 4.20161133e+02, 6.41835704e-02, 3.60077087e+02,
       4.27413971e+02, 6.12660982e-02, 3.57659485e+02, 4.41315216e+02,
       5.06985672e-02, 3.59714447e+02, 4.33941498e+02, 3.40729877e-02,
       3.61527649e+02, 4.29710693e+02, 3.12401950e-01, 3.59593567e+02,
       4.35392090e+02, 3.76018286e-01, 3.59472687e+02, 4.35875610e+02,
       3.14521194e-01, 3.59593567e+02, 4.36842651e+02, 3.12447608e-01,
       3.65274963e+02, 4.32128296e+02, 3.04089576e-01, 3.63340851e+02,
       4.36721771e+02, 5.04324257e-01, 3.63340851e+02, 4.38293213e+02,
       3.27380985e-01, 3.63824371e+02, 4.37567932e+02, 3.43564212e-01,
       3.69143127e+02, 4.32853577e+02, 3.38804603e-01, 3.67088165e+02,
       4.37930573e+02, 5.83636284e-01, 3.66483765e+02, 4.39139374e+02,
       4.42349076e-01, 3.66362885e+02, 4.38414093e+02, 3.16613048e-01,
       3.72769531e+02, 4.33095337e+02, 4.08332497e-01, 3.70956329e+02,
       4.38534973e+02, 6.22727334e-01, 3.70231049e+02, 4.38776733e+02,
       4.81814414e-01, 3.69626648e+02, 4.39018494e+02, 3.62839967e-01,
       2.87616119e+02, 2.77812439e+02, 1.98912360e-02, 2.87616119e+02,
       3.21927277e+02, 2.05196384e-02, 2.90425964e+02, 3.00572327e+02,
       3.34186293e-02, 2.95483734e+02, 3.07316010e+02, 2.06273589e-02,
       2.99979523e+02, 3.07596985e+02, 1.04230223e-02, 2.95202759e+02,
       3.00010345e+02, 1.80376265e-02, 2.99698517e+02, 3.08439941e+02,
       1.33603010e-02, 3.02508392e+02, 3.06192047e+02, 1.09497970e-02,
       3.03632324e+02, 3.07035004e+02, 9.13479459e-03, 2.98293579e+02,
       3.07877960e+02, 8.64204206e-03, 3.00260498e+02, 3.10687836e+02,
       1.02865417e-02, 3.03070343e+02, 3.16869537e+02, 8.77013523e-03,
       3.03070343e+02, 3.07316010e+02, 6.60785707e-03, 2.94359772e+02,
       3.13497681e+02, 8.18879623e-03, 3.02789368e+02, 3.16026581e+02,
       1.03280619e-02, 3.00822479e+02, 3.20241364e+02, 9.33312066e-03,
       2.98855560e+02, 3.23613190e+02, 7.78607512e-03, 2.93235840e+02,
       3.16588531e+02, 1.09019112e-02, 2.93516815e+02, 3.17431488e+02,
       9.50087886e-03, 2.97731628e+02, 3.23332214e+02, 1.21927857e-02,
       2.98012604e+02, 3.23332214e+02, 8.67072307e-03, 4.15150238e+02,
       3.53013428e+02, 1.61385655e-01, 3.87488770e+02, 3.71626740e+02,
       1.26018122e-01, 3.85162109e+02, 3.79899323e+02, 1.69515088e-01,
       3.82835449e+02, 3.84035645e+02, 5.17534018e-02, 3.78440643e+02,
       3.86362305e+02, 2.27091666e-02, 3.97570984e+02, 3.85845245e+02,
       5.24930537e-01, 4.00156189e+02, 3.92049713e+02, 6.00524604e-01,
       4.02224335e+02, 3.97220062e+02, 6.78712189e-01, 4.04292480e+02,
       4.01873383e+02, 6.69492483e-01, 4.04292480e+02, 3.83777100e+02,
       5.50139368e-01, 4.06619141e+02, 3.90498596e+02, 5.37247181e-01,
       4.09721344e+02, 3.88430450e+02, 1.87489748e-01, 4.12048035e+02,
       3.85069702e+02, 1.52998865e-01, 4.09979889e+02, 3.81191925e+02,
       5.80881953e-01, 4.13857635e+02, 3.87913391e+02, 7.33366132e-01,
       4.14891724e+02, 3.85845245e+02, 5.94379902e-01, 4.14116180e+02,
       3.81967499e+02, 4.61467475e-01, 4.15925812e+02, 3.76538605e+02,
       6.93024278e-01, 4.19286530e+02, 3.84035645e+02, 7.31759548e-01,
       4.19545044e+02, 3.81967499e+02, 5.86992502e-01, 4.18510986e+02,
       3.79640808e+02, 5.25740504e-01, 0., 0., 0., 0., 0., 0., 0., 0.,
       0., 0., 0., 0., 0., 0., 0., 0., 0., 0., 0., 0., 0., 0., 0., 0.,
       0., 0., 0., 0., 0., 0., 0., 0., 0., 0., 0., 0., 0., 0., 0., 0.,
       0., 0., 0., 0., 0., 0., 0., 0., 0., 0., 0., 0., 0., 0., 0., 0.,
       0., 0., 0., 0., 0., 0., 0. ]
