%YAML:1.0
---
hand_left_0: !!opencv-matrix
   rows: 6
   cols: 21
   dt: "3f"
   data: [ 0., 0., 0., 0., 0., 0., 0., 0., 0., 0., 0., 0., 0., 0., 0.,
       0., 0., 0., 0., 0., 0., 0., 0., 0., 0., 0., 0., 0., 0., 0., 0.,
       0., 0., 0., 0., 0., 0., 0., 0., 0., 0., 0., 0., 0., 0., 0., 0.,
       0., 0., 0., 0., 0., 0., 0., 0., 0., 0., 0., 0., 0., 0., 0., 0.,
       4.94175323e+02, 2.60084839e+02, 3.37842107e-02, 4.81432007e+02,
       2.60325287e+02, 5.48097007e-02, 4.78065826e+02, 2.60084839e+02,
       2.56461743e-02, 4.66284271e+02, 2.60084839e+02, 2.14684457e-02,
       4.63879852e+02, 2.97112640e+02, 1.06761632e-02, 4.66765137e+02,
       2.60084839e+02, 3.35087776e-02, 4.54983582e+02, 2.51909866e+02,
       3.99605520e-02, 4.63398987e+02, 2.49986343e+02, 3.26286927e-02,
       4.64601196e+02, 2.96391327e+02, 1.68871041e-02, 4.58349731e+02,
       2.40849625e+02, 2.99190897e-02, 4.59792389e+02, 2.50467224e+02,
       6.65901005e-02, 4.63639435e+02, 2.49986343e+02, 3.32443044e-02,
       4.64360748e+02, 2.96150879e+02, 2.03294139e-02, 4.55945343e+02,
       2.39406982e+02, 3.90147567e-02, 4.58109283e+02, 2.48062836e+02,
       4.04631756e-02, 4.57147552e+02, 2.54073837e+02, 3.28593440e-02,
       4.65082062e+02, 2.96391327e+02, 2.53201909e-02, 4.52338745e+02,
       2.37243027e+02, 5.61825521e-02, 4.79989349e+02, 2.82926666e+02,
       2.92461682e-02, 4.80710693e+02, 2.81484009e+02, 4.60818894e-02,
       4.80470245e+02, 2.81243591e+02, 2.16890071e-02, 0., 0., 0., 0.,
       0., 0., 0., 0., 0., 0., 0., 0., 0., 0., 0., 0., 0., 0., 0., 0.,
       0., 0., 0., 0., 0., 0., 0., 0., 0., 0., 0., 0., 0., 0., 0., 0.,
       0., 0., 0., 0., 0., 0., 0., 0., 0., 0., 0., 0., 0., 0., 0., 0.,
       0., 0., 0., 0., 0., 0., 0., 0., 0., 0., 0., 4.13813599e+02,
       1.18232925e+02, 5.20983040e-02, 4.10549347e+02, 1.13336540e+02,
       1.42128304e-01, 4.08684052e+02, 1.03310593e+02, 9.97394323e-02,
       4.12181458e+02, 9.39841385e+01, 6.06091619e-02, 4.07285095e+02,
       9.02535553e+01, 5.22985496e-02, 4.21274780e+02, 9.77147217e+01,
       5.20243526e-01, 4.27570129e+02, 8.95540695e+01, 6.49736047e-01,
       4.32233368e+02, 8.51240082e+01, 6.68934464e-01, 4.36430267e+02,
       8.27923889e+01, 7.19942033e-01, 4.26870636e+02, 9.95800171e+01,
       5.96634030e-01, 4.33865479e+02, 9.11862030e+01, 7.25595653e-01,
       4.38995026e+02, 8.69892960e+01, 7.73784161e-01, 4.43891418e+02,
       8.44245224e+01, 9.04510379e-01, 4.30134888e+02, 1.01678467e+02,
       6.41199172e-01, 4.36896576e+02, 9.53831100e+01, 7.48652101e-01,
       4.42026123e+02, 9.16525269e+01, 7.63240099e-01, 4.45989868e+02,
       8.90877457e+01, 7.79022872e-01, 4.32932831e+02, 1.05175888e+02,
       6.52700365e-01, 4.38995026e+02, 1.00046333e+02, 7.17837930e-01,
       4.43891418e+02, 9.81810455e+01, 8.51479948e-01, 4.47622009e+02,
       9.60825882e+01, 8.96844387e-01, 0., 0., 0., 0., 0., 0., 0., 0.,
       0., 0., 0., 0., 0., 0., 0., 0., 0., 0., 0., 0., 0., 0., 0., 0.,
       0., 0., 0., 0., 0., 0., 0., 0., 0., 0., 0., 0., 0., 0., 0., 0.,
       0., 0., 0., 0., 0., 0., 0., 0., 0., 0., 0., 0., 0., 0., 0., 0.,
       0., 0., 0., 0., 0., 0., 0., 4.43218231e+02, 2.33536499e+02,
       1.64950471e-02, 4.29700775e+02, 2.41965027e+02, 1.15756728e-02,
       4.31132050e+02, 2.42601135e+02, 1.31188948e-02, 4.30973022e+02,
       2.43555313e+02, 1.31537644e-02, 4.31768158e+02, 2.44827545e+02,
       7.37296324e-03, 4.35107758e+02, 2.68681854e+02, 1.11140683e-02,
       4.40037659e+02, 2.66932556e+02, 1.02668423e-02, 4.40991821e+02,
       2.67250610e+02, 9.29574855e-03, 4.40355713e+02, 2.67250610e+02,
       7.11591588e-03, 4.23657684e+02, 2.44032394e+02, 6.95745414e-03,
       4.40037659e+02, 2.66773529e+02, 8.21942091e-03, 4.26361176e+02,
       2.53574127e+02, 9.51253437e-03, 4.24293823e+02, 2.48644241e+02,
       5.06250421e-03, 4.23657684e+02, 2.44350449e+02, 5.94759826e-03,
       4.22862549e+02, 2.45304626e+02, 7.28980778e-03, 4.26043121e+02,
       2.52301895e+02, 7.54295336e-03, 4.25566040e+02, 2.53733154e+02,
       6.51075738e-03, 4.41309906e+02, 2.67886719e+02, 8.77494924e-03,
       4.42264069e+02, 2.68522827e+02, 1.01394607e-02, 4.26361176e+02,
       2.52778976e+02, 1.03275552e-02, 4.26520203e+02, 2.52778976e+02,
       7.11975619e-03 ]
