%YAML:1.0
---
hand_left_0: !!opencv-matrix
   rows: 6
   cols: 21
   dt: "3f"
   data: [ 3.06927216e+02, 4.11925049e+02, 4.94933240e-02,
       2.92616394e+02, 4.07684814e+02, 5.88788614e-02, 2.85460968e+02,
       4.13250122e+02, 4.88318764e-02, 2.79895660e+02, 4.25705841e+02,
       4.97315675e-02, 2.75655396e+02, 4.29416077e+02, 2.65050195e-02,
       2.78570587e+02, 4.25970856e+02, 3.73622179e-02, 2.81220734e+02,
       4.21730621e+02, 3.25030759e-02, 2.82280792e+02, 4.24645782e+02,
       3.43920738e-02, 2.75655396e+02, 4.30741150e+02, 1.38791073e-02,
       2.78040558e+02, 4.25970856e+02, 2.12896504e-02, 2.77775543e+02,
       4.21995636e+02, 1.31772868e-02, 2.82280792e+02, 4.25175812e+02,
       1.04290051e-02, 2.76450439e+02, 4.31006165e+02, 4.85468563e-03,
       2.80690704e+02, 4.28356018e+02, 1.57839395e-02, 2.80955719e+02,
       4.28090973e+02, 8.63269251e-03, 2.77775543e+02, 4.33656311e+02,
       8.75175837e-03, 2.77775543e+02, 4.34451355e+02, 6.88346149e-03,
       2.79630646e+02, 4.28356018e+02, 1.55873261e-02, 2.81750763e+02,
       4.26765900e+02, 1.51150720e-02, 2.82545807e+02, 4.26235870e+02,
       1.42109571e-02, 2.78040558e+02, 4.33126282e+02, 8.06539878e-03,
       3.08974426e+02, 3.56625366e+02, 2.61564795e-02, 3.14038300e+02,
       3.67142609e+02, 6.78380430e-02, 3.29619415e+02, 3.64026398e+02,
       4.70848829e-02, 3.37020447e+02, 3.83502808e+02, 4.31907326e-02,
       3.07026794e+02, 4.05705902e+02, 2.24458147e-02, 2.78201721e+02,
       4.21676544e+02, 3.79913338e-02, 2.85213226e+02, 4.11548828e+02,
       3.96126062e-02, 3.05468689e+02, 4.08043060e+02, 4.18967567e-02,
       3.09363953e+02, 4.11938354e+02, 3.22303623e-02, 2.82096985e+02,
       4.18170807e+02, 2.40272675e-02, 2.95340942e+02, 4.08822144e+02,
       3.09193172e-02, 3.05468689e+02, 4.06484955e+02, 4.24394645e-02,
       3.08974426e+02, 4.09211670e+02, 1.92529652e-02, 2.81707458e+02,
       4.24403259e+02, 2.17890702e-02, 2.97678131e+02, 4.07264008e+02,
       2.35391073e-02, 3.05858215e+02, 4.08432587e+02, 2.87445877e-02,
       3.10143005e+02, 4.11548828e+02, 2.23007649e-02, 2.79759827e+02,
       4.28298523e+02, 2.25745011e-02, 3.13648773e+02, 4.12717407e+02,
       1.61680151e-02, 3.10532532e+02, 4.09601196e+02, 2.62947232e-02,
       3.11701141e+02, 4.13106934e+02, 2.08408944e-02, 0., 0., 0., 0.,
       0., 0., 0., 0., 0., 0., 0., 0., 0., 0., 0., 0., 0., 0., 0., 0.,
       0., 0., 0., 0., 0., 0., 0., 0., 0., 0., 0., 0., 0., 0., 0., 0.,
       0., 0., 0., 0., 0., 0., 0., 0., 0., 0., 0., 0., 0., 0., 0., 0.,
       0., 0., 0., 0., 0., 0., 0., 0., 0., 0., 0., 2.03233521e+02,
       4.30298309e+02, 3.38115394e-02, 1.98154892e+02, 4.29247559e+02,
       1.98372602e-02, 1.95878281e+02, 4.27146057e+02, 3.59834358e-02,
       2.16017654e+02, 4.15062439e+02, 2.29881592e-02, 2.16017654e+02,
       4.15062439e+02, 1.21682379e-02, 2.17243530e+02, 4.16463440e+02,
       3.96218523e-02, 2.16367905e+02, 4.17689301e+02, 1.91326272e-02,
       2.17418655e+02, 4.19265411e+02, 1.71516556e-02, 2.13741028e+02,
       4.25394806e+02, 8.83646961e-03, 2.16192780e+02, 4.17339050e+02,
       1.04699628e-02, 2.16367905e+02, 4.18039551e+02, 1.98446065e-02,
       2.15842529e+02, 4.19440552e+02, 1.67774428e-02, 2.13565903e+02,
       4.26095306e+02, 9.14330035e-03, 2.17593781e+02, 4.18039551e+02,
       8.39398243e-03, 2.16367905e+02, 4.18915192e+02, 1.24065373e-02,
       2.16367905e+02, 4.18564941e+02, 9.59344953e-03, 2.14091278e+02,
       4.26270416e+02, 9.17142350e-03, 2.20045532e+02, 4.17339050e+02,
       8.08754005e-03, 1.90274277e+02, 4.39755066e+02, 1.30885923e-02,
       2.18994781e+02, 4.19265411e+02, 1.28454706e-02, 2.15842529e+02,
       4.25920166e+02, 7.45152961e-03, 4.55784210e+02, 4.42675842e+02,
       3.32052596e-02, 4.50137543e+02, 4.38074829e+02, 1.08529553e-01,
       4.44072601e+02, 4.44767181e+02, 8.83765668e-02, 4.38844208e+02,
       4.54387451e+02, 9.29925442e-02, 4.40726440e+02, 4.56269684e+02,
       4.66943309e-02, 4.40726440e+02, 4.43930634e+02, 2.07031652e-01,
       4.36334564e+02, 4.48740784e+02, 1.61355272e-01, 4.42817780e+02,
       4.58570160e+02, 1.32197917e-01, 4.44490875e+02, 4.58779297e+02,
       1.10011451e-01, 4.42399506e+02, 4.45185455e+02, 3.23489338e-01,
       4.41981232e+02, 4.55642273e+02, 3.40484023e-01, 4.45118286e+02,
       4.58151886e+02, 2.31064007e-01, 4.47000519e+02, 4.55433136e+02,
       1.97482407e-01, 4.45745697e+02, 4.46440277e+02, 4.22499329e-01,
       4.45327423e+02, 4.55851410e+02, 3.25739533e-01, 4.48464447e+02,
       4.56897095e+02, 2.26306662e-01, 4.49510132e+02, 4.54596588e+02,
       1.77781105e-01, 4.49300995e+02, 4.47695099e+02, 2.53753871e-01,
       4.49091858e+02, 4.54596588e+02, 3.70376080e-01, 4.51392365e+02,
       4.54596588e+02, 2.44519740e-01, 4.52647186e+02, 4.53132629e+02,
       1.44053698e-01, 0., 0., 0., 0., 0., 0., 0., 0., 0., 0., 0., 0.,
       0., 0., 0., 0., 0., 0., 0., 0., 0., 0., 0., 0., 0., 0., 0., 0.,
       0., 0., 0., 0., 0., 0., 0., 0., 0., 0., 0., 0., 0., 0., 0., 0.,
       0., 0., 0., 0., 0., 0., 0., 0., 0., 0., 0., 0., 0., 0., 0., 0.,
       0., 0., 0. ]
