%YAML:1.0
---
pose_0: !!opencv-matrix
   rows: 3
   cols: 25
   dt: "3f"
   data: [ 2.39948654e+02, 3.60780640e+02, 8.69618654e-01,
       2.33217148e+02, 3.85380066e+02, 8.04683506e-01, 2.22066299e+02,
       3.87674255e+02, 8.22227955e-01, 2.44432236e+02, 4.36825165e+02,
       7.10219026e-01, 2.78048004e+02, 4.36901917e+02, 4.60497946e-01,
       2.42244125e+02, 3.83165161e+02, 7.84920216e-01, 2.60114258e+02,
       4.12325775e+02, 3.47811818e-01, 2.75820465e+02, 4.19046906e+02,
       2.39409819e-01, 2.53416107e+02, 4.39164795e+02, 6.22799635e-01,
       2.42260773e+02, 4.43607483e+02, 6.52993441e-01, 2.91476807e+02,
       4.39094574e+02, 8.49683762e-01, 3.16034149e+02, 4.74924072e+02,
       7.45178759e-01, 2.60073822e+02, 4.36889648e+02, 6.30642235e-01,
       2.95911072e+02, 4.36916229e+02, 2.40447581e-01, 3.09303894e+02,
       4.74989594e+02, 1.59314826e-01, 2.28753998e+02, 3.51885437e+02,
       8.60718250e-01, 2.42169052e+02, 3.49717285e+02, 9.07337546e-01,
       2.13126038e+02, 3.62983612e+02, 7.96996593e-01, 2.51170380e+02,
       3.51936432e+02, 1.10563718e-01, 3.22725525e+02, 4.72719849e+02,
       7.20222741e-02, 0., 0., 0., 3.04871979e+02, 4.86163910e+02,
       8.44482556e-02, 3.31732117e+02, 4.72673553e+02, 4.16195244e-01,
       3.29458801e+02, 4.75010193e+02, 4.37026143e-01, 3.16110840e+02,
       4.77273621e+02, 5.72775781e-01, 3.07121063e+02, 2.21946365e+02,
       8.70606661e-01, 3.31859497e+02, 2.75736053e+02, 8.44375253e-01,
       2.93707947e+02, 2.75841064e+02, 8.52519214e-01, 2.75783569e+02,
       3.42910980e+02, 5.77503443e-01, 2.69103577e+02, 3.85510590e+02,
       3.96675527e-01, 3.78684692e+02, 2.73588806e+02, 7.62461364e-01,
       3.92161377e+02, 3.51894073e+02, 4.12056655e-01, 3.47406250e+02,
       3.29563599e+02, 1.51498318e-01, 3.40687073e+02, 3.96620392e+02,
       3.40529025e-01, 3.11575104e+02, 3.94412994e+02, 3.52878988e-01,
       0., 0., 0., 0., 0., 0., 3.67628876e+02, 3.94435944e+02,
       3.28324676e-01, 0., 0., 0., 0., 0., 0., 2.95884033e+02,
       2.10913162e+02, 8.81834805e-01, 3.11642365e+02, 2.06325394e+02,
       9.42197621e-01, 0., 0., 0., 3.34016083e+02, 2.04058624e+02,
       7.80975044e-01, 0., 0., 0., 0., 0., 0., 0., 0., 0., 0., 0., 0.,
       0., 0., 0., 0., 0., 0., 1.88603699e+02, 4.81722137e+02,
       4.33211118e-01, 1.84041824e+02, 5.24224609e+02, 5.54170609e-01,
       1.61677750e+02, 5.24223816e+02, 5.18727481e-01, 1.57179871e+02,
       5.64520386e+02, 2.34703854e-01, 1.86263855e+02, 5.62297791e+02,
       1.05967969e-01, 2.06352432e+02, 5.26394775e+02, 4.68616575e-01,
       2.24333939e+02, 5.60013794e+02, 1.22924723e-01, 0., 0., 0.,
       1.88472275e+02, 6.02552368e+02, 2.26152763e-01, 1.70604080e+02,
       6.02590637e+02, 2.40040064e-01, 1.86177338e+02, 6.56268555e+02,
       1.53293431e-01, 1.88584396e+02, 7.07737183e+02, 1.41829506e-01,
       2.06488770e+02, 6.00310059e+02, 1.98334217e-01, 2.10888519e+02,
       6.51818970e+02, 1.13916598e-01, 2.10895309e+02, 7.05550537e+02,
       1.10246301e-01, 1.86287689e+02, 4.72836334e+02, 4.66575503e-01,
       2.01850952e+02, 4.75091187e+02, 4.20562655e-01, 1.72892044e+02,
       4.74950317e+02, 3.97157818e-01, 2.06398972e+02, 4.83906616e+02,
       2.36138135e-01, 2.22024918e+02, 7.12190125e+02, 1.01065032e-01,
       2.24272949e+02, 7.12252747e+02, 1.19950831e-01, 0., 0., 0.,
       2.06381699e+02, 7.12190491e+02, 9.22758654e-02, 1.92957275e+02,
       7.21157104e+02, 1.03741385e-01, 0., 0., 0. ]
