%YAML:1.0
---
pose_0: !!opencv-matrix
   rows: 6
   cols: 25
   dt: "3f"
   data: [ 2.66819458e+02, 1.87803406e+02, 9.03780520e-01,
       2.60362335e+02, 2.26522003e+02, 8.24909449e-01, 2.21600815e+02,
       2.24785629e+02, 7.66445041e-01, 2.02269623e+02, 2.91102417e+02,
       8.34232271e-01, 2.71673523e+02, 2.91089172e+02, 8.04837644e-01,
       2.99134155e+02, 2.34525284e+02, 7.55363047e-01, 3.41045868e+02,
       2.79780090e+02, 7.99513042e-01, 2.99140076e+02, 2.65281616e+02,
       7.77472258e-01, 2.26524643e+02, 3.23312195e+02, 3.86254400e-01,
       2.00635010e+02, 3.20128601e+02, 4.14133132e-01, 2.99137024e+02,
       3.26518372e+02, 4.63711947e-01, 3.45940033e+02, 4.07255493e+02,
       1.45318896e-01, 2.55556427e+02, 3.26538605e+02, 3.09704393e-01,
       3.02338959e+02, 3.62058777e+02, 7.31603354e-02, 0., 0., 0.,
       2.65214691e+02, 1.76483810e+02, 9.07906890e-01, 2.79792236e+02,
       1.86175674e+02, 8.92594218e-01, 2.53965881e+02, 1.76478027e+02,
       1.35848969e-01, 2.99102844e+02, 1.99098969e+02, 8.43176365e-01,
       0., 0., 0., 0., 0., 0., 0., 0., 0., 0., 0., 0., 0., 0., 0., 0.,
       0., 0., 3.44350220e+02, 1.05413643e+02, 8.58339250e-01,
       3.42695526e+02, 1.42547897e+02, 7.39015520e-01, 3.07203278e+02,
       1.47397354e+02, 6.81885362e-01, 0., 0., 0., 0., 0., 0.,
       3.78211365e+02, 1.36098938e+02, 6.14415288e-01, 0., 0., 0., 0.,
       0., 0., 3.45912323e+02, 2.36136414e+02, 2.60384113e-01,
       3.28137329e+02, 2.34549789e+02, 2.85074919e-01, 0., 0., 0., 0.,
       0., 0., 3.66895996e+02, 2.32951721e+02, 2.30043575e-01, 0., 0.,
       0., 0., 0., 0., 3.36235931e+02, 9.89563293e+01, 8.69380653e-01,
       3.50741852e+02, 9.57560425e+01, 8.81780148e-01, 3.18461853e+02,
       1.08688026e+02, 8.38984370e-01, 3.55542053e+02, 9.72816620e+01,
       5.01252338e-02, 0., 0., 0., 0., 0., 0., 0., 0., 0., 0., 0., 0.,
       0., 0., 0., 0., 0., 0., 3.83055969e+02, 1.15131248e+02,
       8.50716710e-01, 4.05630219e+02, 1.60318130e+02, 8.83131504e-01,
       3.68501251e+02, 1.60307114e+02, 8.24107647e-01, 3.29731689e+02,
       2.08725769e+02, 7.76862323e-01, 3.65265381e+02, 1.94201599e+02,
       6.52667761e-01, 4.42763916e+02, 1.60325104e+02, 8.31119299e-01,
       4.33082214e+02, 2.23233627e+02, 8.35105062e-01, 3.91105042e+02,
       1.98969742e+02, 7.61881888e-01, 4.05629761e+02, 2.78135529e+02,
       5.41142881e-01, 3.79828217e+02, 2.79728180e+02, 5.07260442e-01,
       3.91095917e+02, 3.79798523e+02, 5.85394263e-01, 4.08886597e+02,
       4.70259277e+02, 7.37155199e-01, 4.29882690e+02, 2.78127228e+02,
       5.12615621e-01, 4.36329712e+02, 3.68587738e+02, 5.99109590e-01,
       4.70254211e+02, 4.57295074e+02, 4.61571038e-01, 3.78219421e+02,
       1.10359734e+02, 8.92593563e-01, 3.91119293e+02, 1.07056213e+02,
       8.87391865e-01, 0., 0., 0., 4.07313416e+02, 1.07042191e+02,
       8.44938874e-01, 4.87962524e+02, 4.83154846e+02, 5.07724583e-01,
       4.99265961e+02, 4.83075867e+02, 5.24857938e-01, 4.71827423e+02,
       4.62142181e+02, 3.33932400e-01, 3.92691956e+02, 4.95984528e+02,
       7.41596937e-01, 3.86272369e+02, 4.87950897e+02, 6.93555355e-01,
       4.20139923e+02, 4.79877869e+02, 6.44364893e-01, 5.49345642e+02,
       1.84467468e+02, 8.80463958e-01, 5.71892761e+02, 2.26431213e+02,
       8.41542780e-01, 5.36444702e+02, 2.23233307e+02, 7.42143154e-01,
       5.08977356e+02, 2.84599792e+02, 6.88061297e-01, 5.02501526e+02,
       2.44249664e+02, 3.15660685e-01, 6.01029419e+02, 2.28140854e+02,
       7.45132864e-01, 6.13808044e+02, 3.00739868e+02, 7.90109515e-01,
       5.60619629e+02, 2.92651489e+02, 8.27030301e-01, 5.62200134e+02,
       3.16857117e+02, 7.04253852e-01, 5.38000732e+02, 3.13664795e+02,
       6.62933946e-01, 4.89582092e+02, 3.55626587e+02, 7.66439319e-01,
       5.46068298e+02, 4.47641510e+02, 4.63350534e-01, 5.86400940e+02,
       3.21700562e+02, 6.26255453e-01, 5.41225098e+02, 3.66933716e+02,
       7.01915503e-01, 5.36395325e+02, 4.58945190e+02, 2.92712897e-01,
       5.49363281e+02, 1.74828094e+02, 6.62665129e-01, 5.60620056e+02,
       1.76438248e+02, 9.06315148e-01, 0., 0., 0., 5.79985413e+02,
       1.87692780e+02, 8.44527304e-01, 0., 0., 0., 0., 0., 0.,
       5.81581360e+02, 4.57335327e+02, 2.04639852e-01, 5.29925110e+02,
       4.81519104e+02, 2.10193723e-01, 5.23478455e+02, 4.75040283e+02,
       2.24996522e-01, 5.62206238e+02, 4.55680542e+02, 2.56625503e-01,
       5.25073730e+02, 1.21633514e+02, 9.37747478e-01, 5.21820862e+02,
       1.60243103e+02, 8.60023856e-01, 4.86406525e+02, 1.61863739e+02,
       8.12537313e-01, 4.83067108e+02, 2.10292572e+02, 6.71253204e-01,
       0., 0., 0., 5.50958801e+02, 1.55442749e+02, 7.09640980e-01,
       5.62192749e+02, 2.00620804e+02, 2.44806871e-01, 5.39591125e+02,
       1.86130478e+02, 6.06272817e-02, 5.23465881e+02, 2.37739105e+02,
       5.43474853e-01, 5.00906708e+02, 2.37775726e+02, 5.19434929e-01,
       0., 0., 0., 0., 0., 0., 5.46064758e+02, 2.37739471e+02,
       4.53072339e-01, 0., 0., 0., 0., 0., 0., 5.13841248e+02,
       1.18345947e+02, 8.51358771e-01, 5.31563965e+02, 1.11896423e+02,
       8.40645432e-01, 4.99308228e+02, 1.24779099e+02, 7.89063394e-01,
       5.39603638e+02, 1.16739723e+02, 2.30293304e-01, 0., 0., 0., 0.,
       0., 0., 0., 0., 0., 0., 0., 0., 0., 0., 0., 0., 0., 0.,
       2.52292877e+02, 1.02215576e+02, 2.06542060e-01, 2.52364075e+02,
       1.34484558e+02, 4.36376870e-01, 2.15209305e+02, 1.32844757e+02,
       3.47356290e-01, 1.73202637e+02, 1.86157715e+02, 6.30036414e-01,
       2.10338211e+02, 1.65118408e+02, 6.50360107e-01, 2.89404968e+02,
       1.36066879e+02, 3.84928644e-01, 0., 0., 0., 0., 0., 0., 0., 0.,
       0., 0., 0., 0., 0., 0., 0., 0., 0., 0., 0., 0., 0., 0., 0., 0.,
       0., 0., 0., 2.47452576e+02, 9.73058243e+01, 2.21430376e-01,
       2.61992401e+02, 9.73603516e+01, 2.30775416e-01, 2.37770706e+02,
       9.89415665e+01, 1.25154912e-01, 2.76476593e+02, 1.00580620e+02,
       2.26728410e-01, 0., 0., 0., 0., 0., 0., 0., 0., 0., 0., 0., 0.,
       0., 0., 0., 0., 0., 0. ]
