%YAML:1.0
---
pose_0: !!opencv-matrix
   rows: 1
   cols: 25
   dt: "3f"
   data: [ 2.03588867e+02, 3.58528717e+02, 8.89847636e-01,
       1.99137848e+02, 4.15283569e+02, 8.49781692e-01, 1.62060898e+02,
       4.26213013e+02, 8.16004157e-01, 1.27123215e+02, 4.82952057e+02,
       8.06997359e-01, 1.11784523e+02, 4.10914062e+02, 8.43887389e-01,
       2.34176834e+02, 4.08717621e+02, 8.65198851e-01, 2.82090027e+02,
       4.56782776e+02, 7.10393488e-01, 2.75565826e+02, 3.89080536e+02,
       6.89370334e-01, 2.29711487e+02, 5.22223267e+02, 6.42395139e-01,
       1.99192001e+02, 5.31031677e+02, 6.04116499e-01, 2.49285248e+02,
       5.15788086e+02, 5.75853646e-01, 2.51522705e+02, 6.40156738e+02,
       5.63391268e-01, 2.55930725e+02, 5.13556152e+02, 6.79469407e-01,
       3.21469666e+02, 5.35366272e+02, 8.42291594e-01, 3.19184387e+02,
       6.33574036e+02, 6.70066237e-01, 1.88291855e+02, 3.56420258e+02,
       8.64868939e-01, 2.03608109e+02, 3.47573914e+02, 7.81723619e-01,
       1.66487747e+02, 3.75998627e+02, 8.56086850e-01, 0., 0., 0.,
       3.60684235e+02, 6.40173279e+02, 6.00444078e-01, 3.58498444e+02,
       6.35800293e+02, 5.89236021e-01, 3.04009979e+02, 6.46707947e+02,
       5.31853437e-01, 2.79925659e+02, 6.55404663e+02, 3.99625689e-01,
       2.60281982e+02, 6.57598450e+02, 3.73749763e-01, 2.38500061e+02,
       6.53290833e+02, 3.94035637e-01 ]
