%YAML:1.0
---
pose_0: !!opencv-matrix
   rows: 3
   cols: 25
   dt: "3f"
   data: [ 3.94388947e+02, 1.15109734e+02, 8.65637183e-01,
       4.02440460e+02, 1.50633163e+02, 6.17579281e-01, 3.58868286e+02,
       1.55477844e+02, 4.77009296e-01, 3.18530945e+02, 2.41027634e+02,
       3.26874644e-01, 2.79762299e+02, 2.02277267e+02, 4.45488453e-01,
       4.42785095e+02, 1.47449478e+02, 6.86714053e-01, 4.71806641e+02,
       1.90985825e+02, 3.35030228e-01, 4.58890930e+02, 1.76470428e+02,
       5.60069621e-01, 4.08915833e+02, 2.49062943e+02, 2.52365470e-01,
       3.79821320e+02, 2.50684479e+02, 2.05512866e-01, 3.29815002e+02,
       2.78164032e+02, 1.19232588e-01, 0., 0., 0., 4.42755035e+02,
       2.49049347e+02, 2.55100876e-01, 4.42751251e+02, 2.78099518e+02,
       2.75662273e-01, 4.29843384e+02, 3.60469482e+02, 1.49973139e-01,
       3.83112335e+02, 1.10204811e+02, 9.18169260e-01, 4.05554016e+02,
       1.08629387e+02, 9.16708469e-01, 3.74970825e+02, 1.21540771e+02,
       7.77494669e-01, 4.16914551e+02, 1.16705338e+02, 7.17988074e-01,
       4.02416718e+02, 3.76590515e+02, 6.54884353e-02, 4.18556854e+02,
       3.79807098e+02, 6.24396205e-02, 4.26640778e+02, 3.70149109e+02,
       1.18204333e-01, 0., 0., 0., 0., 0., 0., 0., 0., 0.,
       5.08896851e+02, 2.23247391e+02, 8.96447778e-01, 5.49352051e+02,
       2.68485443e+02, 7.79778421e-01, 5.10641235e+02, 2.78210632e+02,
       7.39493370e-01, 4.97683868e+02, 3.45960114e+02, 5.71688890e-01,
       4.49241669e+02, 3.58850067e+02, 4.25799549e-01, 5.88074158e+02,
       2.61945129e+02, 7.15022326e-01, 6.21938904e+02, 2.92696411e+02,
       1.47025347e-01, 0., 0., 0., 5.50929504e+02, 3.73381470e+02,
       4.41728830e-01, 5.21864746e+02, 3.78212616e+02, 5.12869418e-01,
       4.68600464e+02, 3.91114441e+02, 6.93479598e-01, 4.68586395e+02,
       4.81477936e+02, 4.91254866e-01, 5.83198181e+02, 3.70143860e+02,
       3.61033291e-01, 5.49321838e+02, 3.95960358e+02, 5.16139984e-01,
       4.96058594e+02, 4.87987396e+02, 3.88632357e-01, 4.99252106e+02,
       2.15196152e+02, 8.21694374e-01, 5.13808044e+02, 2.11880432e+02,
       8.87438536e-01, 0., 0., 0., 5.41248291e+02, 2.10281708e+02,
       7.62906611e-01, 4.57311279e+02, 4.92820831e+02, 1.80788875e-01,
       4.65375427e+02, 4.97656555e+02, 1.97810322e-01, 4.96028015e+02,
       5.02493835e+02, 3.14119995e-01, 4.34723114e+02, 4.97707123e+02,
       2.89018184e-01, 4.34701294e+02, 4.94450043e+02, 3.25884819e-01,
       4.71875946e+02, 4.91208710e+02, 2.14030996e-01, 2.40978470e+02,
       2.37814911e+02, 8.80970597e-01, 2.15206512e+02, 2.68451294e+02,
       4.75398064e-01, 1.90983841e+02, 2.71685089e+02, 4.12271947e-01,
       2.31316223e+02, 3.31448334e+02, 2.79653788e-01, 2.50668045e+02,
       3.02326263e+02, 3.22911978e-01, 2.44215271e+02, 2.65277435e+02,
       4.64386195e-01, 2.66863800e+02, 3.49124878e+02, 5.04538715e-01,
       2.79788757e+02, 3.13622925e+02, 7.35511303e-01, 2.34559875e+02,
       3.68572357e+02, 4.37709808e-01, 2.10341873e+02, 3.68517578e+02,
       3.86472911e-01, 2.31347244e+02, 3.79790955e+02, 7.40356684e-01,
       2.50646591e+02, 4.99274689e+02, 5.70099115e-01, 2.60343719e+02,
       3.70147369e+02, 4.80641454e-01, 3.23311432e+02, 3.94376984e+02,
       7.32832491e-01, 3.45947357e+02, 4.99259979e+02, 3.25240016e-01,
       2.36164200e+02, 2.28102188e+02, 8.42021823e-01, 2.44223648e+02,
       2.28139618e+02, 2.12720111e-01, 2.10334625e+02, 2.28098663e+02,
       7.34402418e-01, 0., 0., 0., 3.62069458e+02, 5.10580566e+02,
       8.92079622e-02, 3.68563934e+02, 5.08929657e+02, 1.31880984e-01,
       3.44312592e+02, 5.07342194e+02, 1.77417830e-01, 2.73307922e+02,
       5.08939423e+02, 2.70108134e-01, 2.57159546e+02, 5.12235107e+02,
       2.50869572e-01, 2.49059692e+02, 5.08909912e+02, 2.98726290e-01 ]
