%YAML:1.0
---
pose_0: !!opencv-matrix
   rows: 1
   cols: 25
   dt: "3f"
   data: [ 3.18301453e+02, 3.58028656e+02, 8.23862016e-01,
       2.71942169e+02, 4.48471222e+02, 6.81577206e-01, 2.16839417e+02,
       4.35312744e+02, 6.92572892e-01, 1.26280609e+02, 5.01449432e+02,
       7.54100204e-01, 2.10148956e+02, 5.52285950e+02, 7.93399334e-01,
       3.27164886e+02, 4.55184753e+02, 5.06699800e-01, 4.35372650e+02,
       4.85994476e+02, 7.18828499e-01, 4.81702240e+02, 3.95513580e+02,
       6.85596585e-01, 2.05757339e+02, 6.49399353e+02, 7.37842247e-02,
       1.68231293e+02, 6.47197266e+02, 7.51565248e-02, 0., 0., 0., 0.,
       0., 0., 2.45493164e+02, 6.51624817e+02, 7.63495564e-02, 0., 0.,
       0., 0., 0., 0., 3.00687622e+02, 3.44817078e+02, 8.82061183e-01,
       3.09415070e+02, 3.40434509e+02, 1.17297709e-01, 2.69704529e+02,
       3.75656952e+02, 6.91737175e-01, 0., 0., 0., 0., 0., 0., 0., 0.,
       0., 0., 0., 0., 0., 0., 0., 0., 0., 0., 0., 0., 0. ]
