%YAML:1.0
---
hand_right_0: !!opencv-matrix
   rows: 6
   cols: 21
   dt: "3f"
   data: [ 2.75681763e+02, 3.84902344e+02, 6.61511570e-02,
       2.80733826e+02, 3.83098022e+02, 1.56642050e-01, 2.87590210e+02,
       3.83639343e+02, 1.30781546e-01, 2.93003143e+02, 3.87067535e+02,
       3.73138152e-02, 2.93183594e+02, 3.86706665e+02, 1.10715451e-02,
       2.88672791e+02, 3.87247955e+02, 2.10646633e-02, 2.69005798e+02,
       3.90134857e+02, 1.36249578e-02, 2.70268829e+02, 3.63431030e+02,
       7.86456745e-03, 3.01483429e+02, 3.91217438e+02, 8.67391285e-03,
       2.64495026e+02, 3.70106995e+02, 1.33731635e-02, 2.66299347e+02,
       3.64152771e+02, 7.27734203e-03, 2.58901672e+02, 3.72993896e+02,
       8.68449174e-03, 2.67381927e+02, 3.63431030e+02, 4.69626253e-03,
       2.63592865e+02, 3.71550446e+02, 1.83907840e-02, 2.66118896e+02,
       3.64152771e+02, 8.84433184e-03, 2.61608124e+02, 3.70287415e+02,
       8.74304213e-03, 2.59803833e+02, 3.74617767e+02, 7.86640681e-03,
       2.81816406e+02, 3.93563049e+02, 1.98483225e-02, 2.93364014e+02,
       3.86345795e+02, 1.33167384e-02, 2.97333496e+02, 3.89052277e+02,
       1.30981775e-02, 2.62329865e+02, 3.78045959e+02, 8.14678799e-03,
       0., 0., 0., 0., 0., 0., 0., 0., 0., 0., 0., 0., 0., 0., 0., 0.,
       0., 0., 0., 0., 0., 0., 0., 0., 0., 0., 0., 0., 0., 0., 0., 0.,
       0., 0., 0., 0., 0., 0., 0., 0., 0., 0., 0., 0., 0., 0., 0., 0.,
       0., 0., 0., 0., 0., 0., 0., 0., 0., 0., 0., 0., 0., 0., 0.,
       1.14789986e+02, 3.95259064e+02, 2.64356118e-02, 1.34191956e+02,
       3.95459076e+02, 2.63696574e-02, 1.32391769e+02, 3.94258942e+02,
       5.19954339e-02, 1.28191345e+02, 3.96459167e+02, 2.75068227e-02,
       1.22990814e+02, 4.04860016e+02, 1.45761119e-02, 1.30391571e+02,
       4.05460083e+02, 1.19872829e-02, 1.30991623e+02, 4.07060242e+02,
       9.22295079e-03, 1.32191742e+02, 4.05660095e+02, 8.16232804e-03,
       1.22590775e+02, 4.06060150e+02, 8.39936361e-03, 1.32191742e+02,
       4.05860107e+02, 8.56279116e-03, 1.36592194e+02, 4.05260071e+02,
       1.07771158e-02, 1.32791809e+02, 4.07060242e+02, 6.71792729e-03,
       1.23190834e+02, 4.07260254e+02, 6.02248125e-03, 1.32391769e+02,
       4.06460175e+02, 8.10767245e-03, 1.35792114e+02, 4.05660095e+02,
       1.16095617e-02, 1.32791809e+02, 4.07260254e+02, 8.62040278e-03,
       1.24590981e+02, 4.06260162e+02, 6.03017537e-03, 1.32391769e+02,
       4.06860229e+02, 8.36193562e-03, 1.31191650e+02, 4.15061066e+02,
       8.27644393e-03, 1.32791809e+02, 4.07260254e+02, 7.73469871e-03,
       1.24590981e+02, 4.09860535e+02, 4.94774804e-03, 2.13598221e+02,
       4.13493347e+02, 2.71495692e-02, 1.94995377e+02, 3.92701935e+02,
       1.87925659e-02, 2.20632904e+02, 3.99892944e+02, 1.40807759e-02,
       2.20789230e+02, 3.99892944e+02, 1.56253185e-02, 2.21414536e+02,
       3.99111298e+02, 6.27651345e-03, 2.12347610e+02, 3.93796204e+02,
       2.84605008e-02, 2.11878632e+02, 3.95203156e+02, 2.71110050e-02,
       2.10159042e+02, 3.94890503e+02, 1.23181501e-02, 2.02811707e+02,
       3.95828461e+02, 7.06803100e-03, 2.11565979e+02, 3.98954987e+02,
       2.65081245e-02, 2.11253326e+02, 3.98173340e+02, 1.44084282e-02,
       2.06094559e+02, 3.98954987e+02, 1.48236416e-02, 2.02342728e+02,
       3.96141113e+02, 6.51140697e-03, 2.10315369e+02, 4.02394165e+02,
       2.60169003e-02, 2.06250885e+02, 3.98642334e+02, 1.78903602e-02,
       2.06094559e+02, 4.03801117e+02, 1.83919389e-02, 2.05781906e+02,
       4.04582733e+02, 1.19880233e-02, 2.07032516e+02, 4.05364380e+02,
       4.00151908e-02, 2.13598221e+02, 4.03488464e+02, 1.78681426e-02,
       2.03593338e+02, 4.04739075e+02, 2.21732482e-02, 2.05469254e+02,
       4.04895386e+02, 1.58964880e-02, 4.31039276e+02, 3.93915009e+02,
       1.59995388e-02, 4.49195892e+02, 4.01809174e+02, 1.52278971e-02,
       4.57090088e+02, 4.02006531e+02, 1.41052194e-02, 4.55313904e+02,
       4.01414459e+02, 2.01896895e-02, 4.59458344e+02, 3.99243561e+02,
       2.14064792e-02, 4.48603851e+02, 4.05756256e+02, 3.12733501e-02,
       4.50380035e+02, 4.06348328e+02, 4.17212285e-02, 4.50380035e+02,
       4.09703369e+02, 3.38646248e-02, 4.47222351e+02, 4.11084839e+02,
       1.77154932e-02, 4.50182678e+02, 4.09506012e+02, 2.35304572e-02,
       4.45643524e+02, 4.09111298e+02, 2.40833145e-02, 4.44064697e+02,
       4.09506012e+02, 1.97992679e-02, 4.45248810e+02, 4.11084839e+02,
       1.05391284e-02, 4.48406494e+02, 4.14439880e+02, 1.60448067e-02,
       4.45248810e+02, 4.10295410e+02, 1.80378854e-02, 4.44262054e+02,
       4.14045166e+02, 1.30364541e-02, 4.44262054e+02, 4.14242523e+02,
       8.76439642e-03, 4.40907013e+02, 4.15426636e+02, 1.71824731e-02,
       4.40907013e+02, 4.15426636e+02, 1.06091611e-02, 4.30249878e+02,
       4.06545685e+02, 1.31992726e-02, 4.49590607e+02, 4.18979034e+02,
       7.72645278e-03, 0., 0., 0., 0., 0., 0., 0., 0., 0., 0., 0., 0.,
       0., 0., 0., 0., 0., 0., 0., 0., 0., 0., 0., 0., 0., 0., 0., 0.,
       0., 0., 0., 0., 0., 0., 0., 0., 0., 0., 0., 0., 0., 0., 0., 0.,
       0., 0., 0., 0., 0., 0., 0., 0., 0., 0., 0., 0., 0., 0., 0., 0.,
       0., 0., 0. ]
