%YAML:1.0
---
face_0: !!opencv-matrix
   rows: 1
   cols: 70
   dt: "3f"
   data: [ 2.90757416e+02, 3.54349731e+02, 2.33618587e-01,
       2.89782898e+02, 3.58369629e+02, 3.44480544e-01, 2.90148346e+02,
       3.61780487e+02, 3.81868839e-01, 2.91366516e+02, 3.65191315e+02,
       3.92791152e-01, 2.93315552e+02, 3.69089417e+02, 3.63060921e-01,
       2.96360931e+02, 3.70551208e+02, 4.66129541e-01, 3.00015411e+02,
       3.71647552e+02, 3.31800312e-01, 3.04157135e+02, 3.75302002e+02,
       3.19843978e-01, 3.06958893e+02, 3.76641968e+02, 5.31226933e-01,
       3.09517029e+02, 3.75423828e+02, 6.16578996e-01, 3.12318787e+02,
       3.73718414e+02, 5.38767934e-01, 3.14389648e+02, 3.71160278e+02,
       5.14184237e-01, 3.15120544e+02, 3.67627625e+02, 4.95840669e-01,
       3.15973267e+02, 3.64704041e+02, 4.30680811e-01, 3.16216888e+02,
       3.61658661e+02, 4.20937419e-01, 3.16460510e+02, 3.58613281e+02,
       5.00148594e-01, 3.16095062e+02, 3.55080627e+02, 4.96321440e-01,
       2.93559174e+02, 3.51791595e+02, 6.55809999e-01, 2.95264587e+02,
       3.50207977e+02, 7.33896852e-01, 2.97579102e+02, 3.49355286e+02,
       6.99733794e-01, 3.00137238e+02, 3.49720734e+02, 7.07789540e-01,
       3.02208099e+02, 3.50573425e+02, 7.54664004e-01, 3.07080719e+02,
       3.50207977e+02, 4.05253321e-01, 3.08786133e+02, 3.49598907e+02,
       4.26285028e-01, 3.10369751e+02, 3.48989838e+02, 3.99402201e-01,
       3.12927856e+02, 3.49233459e+02, 2.20160916e-01, 3.14998718e+02,
       3.51182526e+02, 1.95697993e-01, 3.04888031e+02, 3.52766113e+02,
       7.70370603e-01, 3.05131653e+02, 3.54958801e+02, 8.64465654e-01,
       3.05253479e+02, 3.57638733e+02, 8.25952232e-01, 3.05253479e+02,
       3.60075043e+02, 7.99675345e-01, 3.03304443e+02, 3.61902283e+02,
       8.37633729e-01, 3.04278961e+02, 3.62633179e+02, 8.91999483e-01,
       3.05497101e+02, 3.62755005e+02, 8.28607678e-01, 3.06837097e+02,
       3.62511353e+02, 8.15922797e-01, 3.08177063e+02, 3.62145935e+02,
       8.66104245e-01, 2.97213654e+02, 3.54349731e+02, 3.32550347e-01,
       2.98431793e+02, 3.53862457e+02, 4.39944208e-01, 2.99649963e+02,
       3.53253387e+02, 5.04160345e-01, 3.01111755e+02, 3.53009735e+02,
       6.61304057e-01, 2.99649963e+02, 3.53862457e+02, 5.35478294e-01,
       2.98431793e+02, 3.54106079e+02, 4.80130821e-01, 3.08907959e+02,
       3.53009735e+02, 5.24622798e-01, 3.10126099e+02, 3.52766113e+02,
       5.67180574e-01, 3.11222443e+02, 3.52644318e+02, 4.85422283e-01,
       3.12562408e+02, 3.53009735e+02, 4.18893248e-01, 3.11222443e+02,
       3.53131561e+02, 5.32706738e-01, 3.10126099e+02, 3.53131561e+02,
       5.78279257e-01, 3.01842651e+02, 3.67749451e+02, 6.40171885e-01,
       3.03548065e+02, 3.67018555e+02, 6.06731832e-01, 3.05009857e+02,
       3.66653107e+02, 5.37355721e-01, 3.06227997e+02, 3.66774902e+02,
       5.78249454e-01, 3.07080719e+02, 3.66653107e+02, 5.48900723e-01,
       3.08177063e+02, 3.67505798e+02, 4.42513645e-01, 3.08298859e+02,
       3.68236694e+02, 2.68528014e-01, 3.08298859e+02, 3.68480347e+02,
       4.40517247e-01, 3.07324341e+02, 3.68602142e+02, 5.56508720e-01,
       3.06227997e+02, 3.68480347e+02, 5.34094989e-01, 3.05253479e+02,
       3.68358521e+02, 6.23939872e-01, 3.03426239e+02, 3.68358521e+02,
       6.51107788e-01, 3.02695343e+02, 3.67627625e+02, 7.01417148e-01,
       3.05131653e+02, 3.67505798e+02, 5.94777584e-01, 3.06106201e+02,
       3.67505798e+02, 5.92648387e-01, 3.07080719e+02, 3.67627625e+02,
       5.51959872e-01, 3.08298859e+02, 3.68114899e+02, 3.51000041e-01,
       3.07080719e+02, 3.67749451e+02, 4.89743143e-01, 3.06106201e+02,
       3.67627625e+02, 6.01855695e-01, 3.05009857e+02, 3.67505798e+02,
       5.86916983e-01, 2.99162689e+02, 3.53862457e+02, 3.67381424e-01,
       3.10491547e+02, 3.52887939e+02, 4.87967789e-01 ]
