%YAML:1.0
---
pose_0: !!opencv-matrix
   rows: 2
   cols: 25
   dt: "3f"
   data: [ 4.01078003e+02, 3.49947540e+02, 9.27725434e-01,
       4.34394958e+02, 3.90030487e+02, 8.36696744e-01, 3.85606354e+02,
       3.98901215e+02, 7.89509654e-01, 3.76639404e+02, 4.70194061e+02,
       7.61358857e-01, 4.41153839e+02, 4.61204376e+02, 5.41932404e-01,
       4.74558411e+02, 3.83315979e+02, 8.36652517e-01, 4.39025116e+02,
       4.59021301e+02, 8.15419495e-01, 3.98794373e+02, 4.07779999e+02,
       7.94195533e-01, 4.21171356e+02, 5.59139404e+02, 4.92839962e-01,
       3.87732971e+02, 5.59116455e+02, 4.51182961e-01, 3.63275696e+02,
       7.12697632e+02, 6.57183826e-02, 0., 0., 0., 4.56749817e+02,
       5.59176453e+02, 4.64919806e-01, 0., 0., 0., 0., 0., 0.,
       3.87806305e+02, 3.45546417e+02, 8.94284844e-01, 4.07801117e+02,
       3.38755493e+02, 8.40348780e-01, 3.81020935e+02, 3.58852264e+02,
       8.54404643e-02, 4.34426941e+02, 3.32100586e+02, 8.43962073e-01,
       0., 0., 0., 0., 0., 0., 0., 0., 0., 0., 0., 0., 0., 0., 0., 0.,
       0., 0., 1.54032806e+02, 3.76607941e+02, 8.71637523e-01,
       2.05291840e+02, 4.14503510e+02, 8.43530774e-01, 1.56299286e+02,
       4.19005859e+02, 8.00142586e-01, 1.14008095e+02, 4.63403564e+02,
       6.25306308e-01, 8.94977875e+01, 4.96809021e+02, 7.46258378e-01,
       2.54209076e+02, 4.03369385e+02, 7.43966877e-01, 3.07659485e+02,
       4.83461212e+02, 7.96501100e-01, 3.07559631e+02, 4.32280396e+02,
       8.24137211e-01, 2.20781311e+02, 5.72499268e+02, 4.51496363e-01,
       1.83025131e+02, 5.74694214e+02, 4.27587926e-01, 1.85250549e+02,
       6.99322754e+02, 7.22141862e-02, 0., 0., 0., 2.56379578e+02,
       5.72466736e+02, 4.29162174e-01, 2.56443207e+02, 6.79308777e+02,
       7.35671520e-02, 0., 0., 0., 1.47349091e+02, 3.65550690e+02,
       8.97124171e-01, 1.65152893e+02, 3.61036743e+02, 8.68574142e-01,
       0., 0., 0., 1.87565201e+02, 3.47822754e+02, 8.24519515e-01, 0.,
       0., 0., 0., 0., 0., 0., 0., 0., 0., 0., 0., 0., 0., 0., 0., 0.,
       0. ]
