%YAML:1.0
---
pose_0: !!opencv-matrix
   rows: 5
   cols: 25
   dt: "3f"
   data: [ 1.54906113e+02, 2.77989258e+02, 9.37674046e-01,
       1.52674866e+02, 3.13846466e+02, 7.54124284e-01, 1.34702728e+02,
       3.13805481e+02, 8.17635834e-01, 1.32591614e+02, 3.85483490e+02,
       7.96381831e-01, 1.90783691e+02, 3.83091553e+02, 8.26451063e-01,
       1.70655960e+02, 3.13862762e+02, 5.98619401e-01, 1.99704910e+02,
       3.67514526e+02, 1.27485797e-01, 2.04156464e+02, 3.78749817e+02,
       1.21459313e-01, 1.68346954e+02, 4.43615814e+02, 6.53016269e-01,
       1.52725220e+02, 4.45881714e+02, 6.44983530e-01, 1.52748093e+02,
       5.48820312e+02, 5.42491853e-01, 1.48228989e+02, 6.51802917e+02,
       5.29634356e-01, 1.83977783e+02, 4.41382324e+02, 5.84563315e-01,
       1.86179138e+02, 5.46617249e+02, 4.85835791e-01, 1.70621063e+02,
       6.51804321e+02, 5.39423227e-01, 1.48145889e+02, 2.75710785e+02,
       9.05208111e-01, 1.59430176e+02, 2.69107117e+02, 8.18894744e-01,
       1.32583267e+02, 2.78147797e+02, 8.38479757e-01, 1.70652191e+02,
       2.71322327e+02, 2.60237753e-01, 1.79557571e+02, 6.78657776e+02,
       4.15046781e-01, 1.88477921e+02, 6.71989929e+02, 4.66842443e-01,
       1.66110443e+02, 6.62949829e+02, 3.16291153e-01, 1.70640320e+02,
       6.76394348e+02, 4.14029330e-01, 1.54912857e+02, 6.76423950e+02,
       3.84495229e-01, 1.43736893e+02, 6.62999512e+02, 3.68875742e-01,
       3.13798706e+02, 2.95972321e+02, 8.75596344e-01, 3.11489990e+02,
       3.20542358e+02, 7.29938507e-01, 2.93665131e+02, 3.18337738e+02,
       7.35874176e-01, 0., 0., 0., 0., 0., 0., 3.27291290e+02,
       3.20522400e+02, 7.58355975e-01, 3.31746429e+02, 3.63102173e+02,
       7.49178648e-01, 3.29560699e+02, 3.98883118e+02, 7.49153018e-01,
       2.91442017e+02, 3.89898315e+02, 5.79701185e-01, 2.66872620e+02,
       3.89928070e+02, 5.82697868e-01, 2.62358795e+02, 4.54827423e+02,
       1.68797791e-01, 2.55680984e+02, 5.55553406e+02, 6.23874888e-02,
       3.11556183e+02, 3.89913818e+02, 6.21258378e-01, 3.11610504e+02,
       4.48094055e+02, 1.28480896e-01, 0., 0., 0., 3.11536438e+02,
       2.95871918e+02, 9.06082034e-01, 3.13966705e+02, 2.93577057e+02,
       8.24744701e-01, 2.98224396e+02, 2.95927216e+02, 6.58747613e-01,
       3.13834808e+02, 2.78028229e+02, 4.06521976e-01, 0., 0., 0., 0.,
       0., 0., 0., 0., 0., 0., 0., 0., 0., 0., 0., 2.53414703e+02,
       5.53299561e+02, 5.86815737e-02, 2.95851807e+02, 2.62457245e+02,
       8.42935026e-01, 2.78127808e+02, 3.00416962e+02, 7.28658199e-01,
       2.57941193e+02, 2.98250580e+02, 8.01718593e-01, 2.57882233e+02,
       3.51843536e+02, 7.26370573e-01, 2.71323059e+02, 4.01027710e+02,
       3.86235505e-01, 0., 0., 0., 0., 0., 0., 0., 0., 0., 0., 0., 0.,
       0., 0., 0., 0., 0., 0., 0., 0., 0., 0., 0., 0., 0., 0., 0., 0.,
       0., 0., 2.93602966e+02, 2.57913055e+02, 8.79838765e-01,
       3.04885101e+02, 2.62339417e+02, 8.02986085e-01, 2.78013031e+02,
       2.57875427e+02, 8.56259525e-01, 0., 0., 0., 0., 0., 0., 0., 0.,
       0., 0., 0., 0., 0., 0., 0., 0., 0., 0., 0., 0., 0.,
       4.16747803e+02, 2.62329834e+02, 7.52119064e-01, 4.52575745e+02,
       3.11486633e+02, 7.03386307e-01, 4.21257477e+02, 3.11580872e+02,
       7.61231422e-01, 4.03377075e+02, 3.67530579e+02, 8.07388425e-01,
       3.58569305e+02, 3.49757599e+02, 7.87439942e-01, 4.79429138e+02,
       3.09302521e+02, 5.84523380e-01, 4.88354156e+02, 3.89959381e+02,
       1.14553407e-01, 4.34705963e+02, 4.32442841e+02, 9.67317596e-02,
       4.36857605e+02, 4.50377380e+02, 5.16752899e-01, 4.12290771e+02,
       4.45907074e+02, 4.92502332e-01, 4.19038818e+02, 5.48812500e+02,
       3.11662018e-01, 4.41426392e+02, 6.47310242e+02, 1.69479102e-01,
       4.57070923e+02, 4.52598694e+02, 4.89987105e-01, 4.54879181e+02,
       5.46629700e+02, 3.05081487e-01, 4.72765564e+02, 6.49550781e+02,
       1.90455496e-01, 4.05640503e+02, 2.55591461e+02, 6.96834683e-01,
       4.23483490e+02, 2.53351028e+02, 6.93046093e-01, 0., 0., 0.,
       4.54762421e+02, 2.46675980e+02, 6.44485116e-01, 4.70473938e+02,
       6.71922485e+02, 1.36065349e-01, 4.74963013e+02, 6.71909424e+02,
       1.40839711e-01, 4.77213654e+02, 6.54052673e+02, 1.42493516e-01,
       4.45887878e+02, 6.67408936e+02, 1.20093927e-01, 4.30194275e+02,
       6.62981689e+02, 1.30068243e-01, 4.48106110e+02, 6.49555359e+02,
       1.41137317e-01, 2.98175446e+02, 5.82422791e+02, 2.58409500e-01,
       2.93634338e+02, 6.00415100e+02, 2.38390997e-01, 2.78058441e+02,
       6.00243225e+02, 2.77840227e-01, 2.78091797e+02, 6.24937500e+02,
       2.12008372e-01, 2.95897705e+02, 6.20476562e+02, 1.14301480e-01,
       3.09283447e+02, 6.11499023e+02, 1.78105369e-01, 3.13864288e+02,
       6.31607971e+02, 1.22312844e-01, 0., 0., 0., 2.78021332e+02,
       6.42840332e+02, 2.08067223e-01, 2.75697449e+02, 6.40584106e+02,
       2.32941628e-01, 2.78096680e+02, 6.58512207e+02, 2.95019269e-01,
       2.57821869e+02, 6.83076355e+02, 2.59965628e-01, 2.82485809e+02,
       6.45090881e+02, 1.80604815e-01, 2.78103241e+02, 6.60719543e+02,
       1.52716950e-01, 2.60065063e+02, 6.78668396e+02, 1.18767321e-01,
       2.96058075e+02, 5.80162903e+02, 2.46016026e-01, 3.09317291e+02,
       5.82333069e+02, 2.49097496e-01, 2.93692047e+02, 5.80134338e+02,
       1.50525197e-01, 3.13766205e+02, 5.89138489e+02, 1.35912001e-01,
       2.60208466e+02, 6.89813110e+02, 7.35394731e-02, 2.62337555e+02,
       6.89786133e+02, 6.54978976e-02, 2.55600693e+02, 6.78665710e+02,
       9.18777138e-02, 2.57952515e+02, 6.87688660e+02, 2.10153699e-01,
       2.55666031e+02, 6.87656433e+02, 2.07551062e-01, 2.53394913e+02,
       6.85309021e+02, 2.07108214e-01 ]
