%YAML:1.0
---
hand_right_0: !!opencv-matrix
   rows: 2
   cols: 21
   dt: "3f"
   data: [ 3.13252625e+02, 1.65740524e+02, 9.81823877e-02,
       3.12401459e+02, 1.59924332e+02, 2.67498083e-02, 3.08287567e+02,
       1.52831406e+02, 1.06861163e-02, 3.08571289e+02, 1.52689560e+02,
       9.90349986e-03, 3.01620239e+02, 1.54108139e+02, 6.24234742e-03,
       3.15806061e+02, 1.54959290e+02, 1.44993048e-02, 3.09564301e+02,
       1.51980255e+02, 8.36158171e-03, 3.10131744e+02, 1.52122116e+02,
       7.29168812e-03, 3.15806061e+02, 1.53256989e+02, 3.23507329e-03,
       3.15096771e+02, 1.54675568e+02, 7.53523083e-03, 3.10273590e+02,
       1.51980255e+02, 3.61422380e-03, 3.10415436e+02, 1.52122116e+02,
       5.05692186e-03, 3.15947937e+02, 1.53256989e+02, 1.36557198e-03,
       3.14954926e+02, 1.54250000e+02, 6.66820072e-03, 3.10415436e+02,
       1.51980255e+02, 4.36131330e-03, 3.10415436e+02, 1.52122116e+02,
       6.08508661e-03, 3.09706146e+02, 1.57796463e+02, 2.71281623e-03,
       3.09564301e+02, 1.51554688e+02, 6.63158484e-03, 3.09706146e+02,
       1.51980255e+02, 7.02281576e-03, 3.09989868e+02, 1.51980255e+02,
       6.37040660e-03, 2.98073761e+02, 1.69145126e+02, 3.35949799e-03,
       2.72212585e+02, 3.14480743e+02, 2.93513369e-02, 2.73469360e+02,
       3.13223999e+02, 3.21614332e-02, 2.63415161e+02, 3.18670013e+02,
       2.48313546e-02, 2.63694458e+02, 3.19647491e+02, 3.41472216e-02,
       2.62018768e+02, 3.21043915e+02, 2.01245453e-02, 2.60901642e+02,
       3.21043915e+02, 1.51001513e-02, 2.62996246e+02, 3.21183533e+02,
       1.87925603e-02, 2.61739471e+02, 3.23976379e+02, 1.04988357e-02,
       2.61041260e+02, 3.22998871e+02, 9.75896325e-03, 2.64253021e+02,
       3.29980957e+02, 4.82045906e-03, 2.62298035e+02, 3.23836731e+02,
       5.05865738e-03, 2.61739471e+02, 3.24255646e+02, 5.67762507e-03,
       2.61041260e+02, 3.24255646e+02, 5.82430093e-03, 2.64253021e+02,
       3.29980957e+02, 5.18383784e-03, 2.64532318e+02, 3.29841309e+02,
       4.30804677e-03, 2.65370148e+02, 3.01913025e+02, 5.38335461e-03,
       2.64113373e+02, 3.01214813e+02, 3.61049967e-03, 2.65649445e+02,
       3.01494110e+02, 6.72101369e-03, 2.64392670e+02, 3.01913025e+02,
       8.21042527e-03, 2.64951233e+02, 3.02052673e+02, 7.49733392e-03,
       2.64113373e+02, 3.02052673e+02, 5.76310279e-03 ]
