%YAML:1.0
---
hand_left_0: !!opencv-matrix
   rows: 1
   cols: 21
   dt: "3f"
   data: [ 4.24982666e+02, 4.49311371e+02, 2.53506023e-02,
       4.29068054e+02, 4.92888824e+02, 2.34907474e-02, 4.27252350e+02,
       4.91073120e+02, 7.09204674e-02, 4.26798401e+02, 4.78363007e+02,
       7.71828815e-02, 4.28614136e+02, 4.71100098e+02, 4.39714193e-02,
       4.24528748e+02, 4.77909088e+02, 3.63439143e-01, 4.34969177e+02,
       4.62021484e+02, 6.21981263e-01, 4.31791656e+02, 4.52034973e+02,
       7.43835092e-01, 4.27252350e+02, 4.45225983e+02, 5.65671384e-01,
       4.19989441e+02, 4.71554047e+02, 4.26457673e-01, 4.26798401e+02,
       4.57028229e+02, 7.21256077e-01, 4.24074829e+02, 4.47949585e+02,
       6.17580354e-01, 4.19989441e+02, 4.42048462e+02, 5.08215010e-01,
       4.13180450e+02, 4.67014740e+02, 4.55631554e-01, 4.17265839e+02,
       4.53850708e+02, 5.72382212e-01, 4.15904053e+02, 4.46133850e+02,
       7.16867685e-01, 4.13634369e+02, 4.41140625e+02, 7.10164785e-01,
       4.05463623e+02, 4.62929352e+02, 5.26128411e-01, 4.10456848e+02,
       4.52488892e+02, 5.66828072e-01, 4.09548981e+02, 4.45225983e+02,
       5.45751214e-01, 4.06371460e+02, 4.36601288e+02, 5.14755905e-01 ]
