%YAML:1.0
---
pose_0: !!opencv-matrix
   rows: 3
   cols: 25
   dt: "3f"
   data: [ 3.15763580e+02, 3.41898315e+02, 3.08263063e-01,
       3.20042053e+02, 3.68253052e+02, 2.75934726e-01, 2.95986420e+02,
       3.70391022e+02, 2.70035803e-01, 2.69857849e+02, 4.09801666e+02,
       3.60496253e-01, 2.69788300e+02, 3.81413727e+02, 3.59075189e-01,
       3.37607269e+02, 3.72654785e+02, 3.24806392e-01, 3.41954285e+02,
       4.01114319e+02, 2.35180125e-01, 3.39868805e+02, 4.29597076e+02,
       3.29140753e-01, 3.20089294e+02, 4.44900574e+02, 2.45488718e-01,
       3.04706757e+02, 4.44832825e+02, 2.32294500e-01, 3.02563690e+02,
       5.12688782e+02, 2.20070794e-01, 2.93811829e+02, 5.74050781e+02,
       2.35735044e-01, 3.35362030e+02, 4.44909119e+02, 2.19857007e-01,
       3.35389954e+02, 5.04003113e+02, 2.55174369e-01, 3.28857239e+02,
       5.74035156e+02, 2.13346541e-01, 3.09207916e+02, 3.39812164e+02,
       3.11378509e-01, 3.22130035e+02, 3.39856781e+02, 3.43023717e-01,
       3.06932220e+02, 3.41908722e+02, 1.32385373e-01, 3.24445465e+02,
       3.39927673e+02, 3.74862194e-01, 3.17910522e+02, 5.85002380e+02,
       1.38362467e-01, 3.22310669e+02, 5.87211060e+02, 1.62362322e-01,
       3.28854523e+02, 5.84884949e+02, 1.52082428e-01, 3.04745361e+02,
       5.87235657e+02, 1.86733752e-01, 2.91688782e+02, 5.87120605e+02,
       1.78255722e-01, 2.98195831e+02, 5.80594910e+02, 1.56361297e-01,
       1.88786530e+02, 4.42627380e+02, 6.06022060e-01, 1.66966400e+02,
       4.64543213e+02, 6.54074132e-01, 1.53711990e+02, 4.64529388e+02,
       6.68882847e-01, 1.44974686e+02, 5.12717285e+02, 4.59363133e-01,
       1.66891235e+02, 5.01791016e+02, 3.38812798e-01, 1.84301682e+02,
       4.64573151e+02, 5.72690487e-01, 1.95341324e+02, 5.03965729e+02,
       1.78827345e-01, 2.06255798e+02, 5.08331116e+02, 1.64831102e-01,
       1.71215637e+02, 5.52087036e+02, 5.00195503e-01, 1.64668930e+02,
       5.52111145e+02, 5.26713669e-01, 1.66861023e+02, 6.15599731e+02,
       4.28262711e-01, 1.66848557e+02, 6.74742004e+02, 3.27506989e-01,
       1.82187103e+02, 5.50006287e+02, 4.61313546e-01, 1.88728989e+02,
       6.13418396e+02, 4.06201571e-01, 1.93141006e+02, 6.74727783e+02,
       3.60566944e-01, 1.84440659e+02, 4.31751190e+02, 6.44701719e-01,
       1.93140396e+02, 4.31808136e+02, 2.62183011e-01, 1.73436295e+02,
       4.31801056e+02, 6.10736609e-01, 0., 0., 0., 2.01925751e+02,
       6.85671692e+02, 2.29967013e-01, 2.08471344e+02, 6.81265625e+02,
       2.62761176e-01, 1.88781311e+02, 6.79089233e+02, 2.43842736e-01,
       1.77802719e+02, 6.87809937e+02, 2.62665898e-01, 1.62497559e+02,
       6.87817566e+02, 2.71295458e-01, 1.66872925e+02, 6.79085083e+02,
       2.36149192e-01, 4.60169098e+02, 4.40440918e+02, 2.40507424e-01,
       4.62409363e+02, 4.64681122e+02, 2.69497246e-01, 4.46999023e+02,
       4.66814850e+02, 2.61286825e-01, 4.40469604e+02, 5.06159851e+02,
       1.58745289e-01, 4.25138824e+02, 5.14841187e+02, 1.40306026e-01,
       4.77755432e+02, 4.68921661e+02, 2.61939764e-01, 4.82141296e+02,
       5.01802216e+02, 1.60164714e-01, 4.64566925e+02, 5.23686890e+02,
       1.88379630e-01, 4.64618927e+02, 5.47757385e+02, 1.78746104e-01,
       4.51464630e+02, 5.47761963e+02, 1.51117429e-01, 4.58011444e+02,
       6.15613953e+02, 1.25747353e-01, 4.51462158e+02, 6.72547974e+02,
       6.87328056e-02, 4.79931976e+02, 5.47764282e+02, 1.90695554e-01,
       4.77733185e+02, 6.13409119e+02, 1.49802580e-01, 4.79835144e+02,
       6.74703430e+02, 1.03200167e-01, 4.51461365e+02, 4.31767151e+02,
       2.31355727e-01, 4.62424438e+02, 4.31702850e+02, 2.80712277e-01,
       4.44952179e+02, 4.36112488e+02, 1.33703113e-01, 4.66751282e+02,
       4.36118195e+02, 1.54188052e-01, 4.73314117e+02, 6.83466797e+02,
       7.60959089e-02, 4.82079254e+02, 6.85677063e+02, 8.91062543e-02,
       4.79850983e+02, 6.72556580e+02, 7.28203803e-02, 0., 0., 0., 0.,
       0., 0., 0., 0., 0. ]
