%YAML:1.0
---
hand_right_0: !!opencv-matrix
   rows: 4
   cols: 21
   dt: "3f"
   data: [ 0., 0., 0., 0., 0., 0., 0., 0., 0., 0., 0., 0., 0., 0., 0.,
       0., 0., 0., 0., 0., 0., 0., 0., 0., 0., 0., 0., 0., 0., 0., 0.,
       0., 0., 0., 0., 0., 0., 0., 0., 0., 0., 0., 0., 0., 0., 0., 0.,
       0., 0., 0., 0., 0., 0., 0., 0., 0., 0., 0., 0., 0., 0., 0., 0.,
       3.79739319e+02, 4.46745117e+02, 1.19614471e-02, 3.85723694e+02,
       4.53459290e+02, 1.36398012e-02, 3.94335327e+02, 4.37403687e+02,
       1.69454776e-02, 3.91854004e+02, 4.39885010e+02, 1.18638696e-02,
       3.78863556e+02, 4.49080475e+02, 1.40388086e-02, 3.76382233e+02,
       4.47328979e+02, 1.41427079e-02, 3.75068604e+02, 4.56524445e+02,
       2.37475261e-02, 3.78571625e+02, 4.53751221e+02, 5.70779927e-02,
       3.80907013e+02, 4.51123932e+02, 1.17808737e-01, 3.95648987e+02,
       4.33900635e+02, 1.41386539e-02, 3.80907013e+02, 4.58421936e+02,
       5.64121231e-02, 3.80469116e+02, 4.54043121e+02, 1.45205289e-01,
       3.82074677e+02, 4.51269897e+02, 1.96840480e-01, 3.96086853e+02,
       4.33900635e+02, 1.93100814e-02, 3.83972168e+02, 4.58713867e+02,
       1.08213410e-01, 3.84410034e+02, 4.54626984e+02, 1.77530199e-01,
       3.86599457e+02, 4.50540100e+02, 2.56890684e-01, 3.89372681e+02,
       4.59881531e+02, 3.71185616e-02, 3.87913086e+02, 4.59297699e+02,
       1.23906530e-01, 3.87037323e+02, 4.58859833e+02, 1.39841035e-01,
       3.87183289e+02, 4.56670410e+02, 1.17231548e-01, 0., 0., 0., 0.,
       0., 0., 0., 0., 0., 0., 0., 0., 0., 0., 0., 0., 0., 0., 0., 0.,
       0., 0., 0., 0., 0., 0., 0., 0., 0., 0., 0., 0., 0., 0., 0., 0.,
       0., 0., 0., 0., 0., 0., 0., 0., 0., 0., 0., 0., 0., 0., 0., 0.,
       0., 0., 0., 0., 0., 0., 0., 0., 0., 0., 0., 2.70204865e+02,
       4.38661682e+02, 1.30817056e-01, 2.73119598e+02, 4.36839966e+02,
       1.98745266e-01, 2.76884460e+02, 4.36718506e+02, 2.70353675e-01,
       2.81742371e+02, 4.40969177e+02, 4.74772677e-02, 2.77734619e+02,
       4.42669434e+02, 2.81260554e-02, 2.76884460e+02, 4.41212067e+02,
       2.92589307e-01, 2.83806976e+02, 4.43276672e+02, 1.50178134e-01,
       2.87814758e+02, 4.44491150e+02, 3.12524676e-01, 2.90122253e+02,
       4.46677216e+02, 2.95024991e-01, 2.76277252e+02, 4.44976929e+02,
       2.31188238e-01, 2.81742371e+02, 4.48498932e+02, 3.67174000e-01,
       2.85871582e+02, 4.48498932e+02, 3.38631570e-01, 2.87693298e+02,
       4.47891693e+02, 2.74660736e-01, 2.74819855e+02, 4.46677216e+02,
       3.76506627e-01, 2.79434875e+02, 4.50563538e+02, 4.27419037e-01,
       2.82956848e+02, 4.50563538e+02, 2.52707422e-01, 2.85264343e+02,
       4.48984711e+02, 2.53780007e-01, 2.72755249e+02, 4.48741821e+02,
       3.77093911e-01, 2.76155792e+02, 4.51535095e+02, 5.22477150e-01,
       2.78949097e+02, 4.51535095e+02, 3.03871512e-01, 2.81620941e+02,
       4.51049316e+02, 1.89012080e-01 ]
