%YAML:1.0
---
hand_right_0: !!opencv-matrix
   rows: 5
   cols: 21
   dt: "3f"
   data: [ 1.87363632e+02, 3.84406738e+02, 7.08314031e-02,
       1.95518585e+02, 3.85985107e+02, 1.24299452e-01, 2.07619492e+02,
       3.79671600e+02, 1.11634441e-01, 2.15248337e+02, 3.78619324e+02,
       1.26999736e-01, 2.23140228e+02, 3.81249969e+02, 1.06404155e-01,
       2.14722198e+02, 3.74673401e+02, 4.82714713e-01, 2.22087982e+02,
       3.78356262e+02, 4.70223486e-01, 2.27349243e+02, 3.82565277e+02,
       3.91867816e-01, 2.29979874e+02, 3.85458984e+02, 2.91911095e-01,
       2.15511398e+02, 3.77040955e+02, 5.21895468e-01, 2.23666351e+02,
       3.83354462e+02, 5.24505675e-01, 2.28138428e+02, 3.87826538e+02,
       2.94258326e-01, 2.31821320e+02, 3.91246368e+02, 1.69091493e-01,
       2.14722198e+02, 3.81249969e+02, 5.38542211e-01, 2.21561844e+02,
       3.87300415e+02, 5.64507008e-01, 2.24981674e+02, 3.91772491e+02,
       2.32525989e-01, 2.28401489e+02, 3.94666199e+02, 1.60580739e-01,
       2.12880768e+02, 3.85985107e+02, 3.27590376e-01, 2.17615906e+02,
       3.91509430e+02, 3.80173385e-01, 2.20772659e+02, 3.94403137e+02,
       2.46871755e-01, 2.23140228e+02, 3.96507629e+02, 1.48923516e-01,
       0., 0., 0., 0., 0., 0., 0., 0., 0., 0., 0., 0., 0., 0., 0., 0.,
       0., 0., 0., 0., 0., 0., 0., 0., 0., 0., 0., 0., 0., 0., 0., 0.,
       0., 0., 0., 0., 0., 0., 0., 0., 0., 0., 0., 0., 0., 0., 0., 0.,
       0., 0., 0., 0., 0., 0., 0., 0., 0., 0., 0., 0., 0., 0., 0.,
       2.61626099e+02, 3.97722473e+02, 2.97842156e-02, 2.66406189e+02,
       4.00632080e+02, 5.94852902e-02, 2.71394104e+02, 4.10400085e+02,
       3.23587507e-01, 2.68692322e+02, 4.22662079e+02, 2.05529660e-01,
       2.66198364e+02, 4.28481293e+02, 1.02295041e-01, 2.69107971e+02,
       4.29312622e+02, 3.37854065e-02, 2.68068848e+02, 4.29312622e+02,
       5.74937984e-02, 2.67860992e+02, 4.29520447e+02, 6.98359683e-02,
       2.67860992e+02, 4.30975250e+02, 5.81131242e-02, 2.59755646e+02,
       4.20791595e+02, 1.63952224e-02, 2.68900146e+02, 4.24948181e+02,
       2.49184649e-02, 2.64743561e+02, 4.23285553e+02, 2.25109141e-02,
       2.69939301e+02, 4.24532532e+02, 1.56978425e-02, 2.70147125e+02,
       4.29312622e+02, 1.07055232e-02, 2.69731476e+02, 4.25987335e+02,
       2.19993331e-02, 2.69939301e+02, 4.26195160e+02, 1.99386142e-02,
       2.70354950e+02, 4.23701202e+02, 1.20459786e-02, 2.69731476e+02,
       4.29104797e+02, 1.47577636e-02, 2.69731476e+02, 4.27442169e+02,
       1.81499142e-02, 2.71186279e+02, 4.25156036e+02, 2.82573737e-02,
       2.70770630e+02, 4.25987335e+02, 1.60692725e-02, 3.52617279e+02,
       3.66948517e+02, 6.25883117e-02, 3.50677979e+02, 3.62208038e+02,
       3.69277708e-02, 3.43351776e+02, 3.27516266e+02, 5.09422682e-02,
       3.51755371e+02, 3.55097290e+02, 2.89566778e-02, 3.42489868e+02,
       3.39152008e+02, 1.59917455e-02, 3.50462524e+02, 3.43030609e+02,
       1.62138473e-02, 3.50031555e+02, 3.39798462e+02, 1.03135016e-02,
       3.49816071e+02, 3.37859161e+02, 7.59664830e-03, 3.41843445e+02,
       3.41091309e+02, 6.66614622e-03, 3.51108948e+02, 3.44754425e+02,
       8.79919901e-03, 3.53263702e+02, 3.46262756e+02, 6.86236750e-03,
       3.51755371e+02, 3.44538940e+02, 5.54210134e-03, 3.42489868e+02,
       3.51434204e+02, 2.24013440e-03, 3.50893463e+02, 3.45185364e+02,
       7.48301437e-03, 3.53479187e+02, 3.45400848e+02, 7.64503097e-03,
       3.43136292e+02, 3.52296112e+02, 6.72924658e-03, 3.42920837e+02,
       3.58329437e+02, 5.86772058e-03, 3.47230377e+02, 3.58329437e+02,
       7.82405771e-03, 3.45291077e+02, 3.58544922e+02, 7.33940490e-03,
       3.43136292e+02, 3.58544922e+02, 1.41535280e-02, 3.43136292e+02,
       3.58760406e+02, 8.78584106e-03, 3.05759644e+02, 6.18823303e+02,
       1.10889226e-01, 3.05669037e+02, 6.15109070e+02, 3.42660457e-01,
       3.06484375e+02, 6.11304260e+02, 6.70520425e-01, 3.08749115e+02,
       6.08133606e+02, 6.26408815e-01, 3.10832703e+02, 6.06231201e+02,
       7.30705380e-01, 3.13278656e+02, 6.14384338e+02, 3.21177334e-01,
       3.17355225e+02, 6.14203186e+02, 2.69912124e-01, 3.18261139e+02,
       6.13750244e+02, 1.13163531e-01, 3.17264618e+02, 6.14112549e+02,
       4.93353345e-02, 3.14637512e+02, 6.18279724e+02, 3.29846919e-01,
       3.18261139e+02, 6.17826782e+02, 1.14415444e-01, 3.18261139e+02,
       6.17645630e+02, 2.49265432e-02, 3.15815186e+02, 6.17102051e+02,
       1.81475822e-02, 3.15996368e+02, 6.22175110e+02, 1.90151826e-01,
       3.16992859e+02, 6.19185669e+02, 4.66126911e-02, 3.18261139e+02,
       6.17645630e+02, 2.83432994e-02, 3.15724579e+02, 6.17192627e+02,
       2.09046286e-02, 3.18261139e+02, 6.22265747e+02, 3.26858386e-02,
       3.18261139e+02, 6.22265747e+02, 4.06291112e-02, 3.18261139e+02,
       6.21722168e+02, 2.80337576e-02, 3.18261139e+02, 6.21178650e+02,
       1.00366324e-02 ]
