%YAML:1.0
---
pose_0: !!opencv-matrix
   rows: 4
   cols: 25
   dt: "3f"
   data: [ 2.97429413e+02, 3.30904846e+02, 8.57712507e-01,
       2.88379608e+02, 3.59848297e+02, 7.14501083e-01, 2.63855804e+02,
       3.48756836e+02, 6.65282071e-01, 0., 0., 0., 0., 0., 0.,
       3.08527771e+02, 3.66537628e+02, 7.66160131e-01, 3.44145477e+02,
       3.93282562e+02, 5.71694553e-01, 3.26352264e+02, 4.15620117e+02,
       5.87675750e-01, 2.95080200e+02, 4.20075134e+02, 4.42598015e-01,
       2.88406342e+02, 4.17871460e+02, 4.20344204e-01, 2.92853302e+02,
       4.58026031e+02, 2.16767296e-01, 2.48254211e+02, 5.24880493e+02,
       1.95939183e-01, 3.08477264e+02, 4.22287933e+02, 4.56733227e-01,
       3.01797546e+02, 4.57996857e+02, 2.84545720e-01, 2.81707947e+02,
       5.22756958e+02, 1.96496770e-01, 2.95167084e+02, 3.28565796e+02,
       9.14399743e-01, 3.08434265e+02, 3.30796204e+02, 8.49784434e-01,
       2.83992218e+02, 3.28531219e+02, 7.57542014e-01, 0., 0., 0.,
       2.90653168e+02, 5.31669983e+02, 1.52955189e-01, 2.92843658e+02,
       5.29507202e+02, 1.64392099e-01, 2.77218567e+02, 5.25064087e+02,
       1.86055899e-01, 2.59377014e+02, 5.29457397e+02, 1.45256400e-01,
       2.50471863e+02, 5.29475891e+02, 1.50109917e-01, 2.52701401e+02,
       5.25003601e+02, 1.73754215e-01, 4.40243103e+02, 3.46367188e+02,
       3.48195791e-01, 4.49075531e+02, 3.64327393e+02, 4.56093460e-01,
       4.20199921e+02, 3.66474274e+02, 4.90216523e-01, 4.04473907e+02,
       3.99933868e+02, 3.21819603e-01, 4.02338135e+02, 4.35679016e+02,
       2.00702339e-01, 4.73613281e+02, 3.64257874e+02, 3.91268820e-01,
       4.87042145e+02, 3.99948730e+02, 2.68025458e-01, 4.49104462e+02,
       3.82168701e+02, 1.51901811e-01, 4.46850067e+02, 4.55739380e+02,
       4.11937267e-01, 4.31253632e+02, 4.53599365e+02, 3.84524703e-01,
       4.02248322e+02, 5.22729248e+02, 3.45668107e-01, 3.75458038e+02,
       5.80823792e+02, 3.04044574e-01, 4.60267883e+02, 4.55781799e+02,
       3.86341125e-01, 4.80331757e+02, 5.18283569e+02, 5.01570225e-01,
       4.53661377e+02, 5.85278748e+02, 4.93980169e-01, 4.37919312e+02,
       3.41944000e+02, 3.21701974e-01, 4.49110809e+02, 3.37511597e+02,
       3.10910940e-01, 4.33455536e+02, 3.41991882e+02, 1.94747567e-01,
       4.58085510e+02, 3.37526245e+02, 1.93826959e-01, 4.87039764e+02,
       6.03091309e+02, 3.28293890e-01, 4.82571167e+02, 5.98669861e+02,
       3.32911789e-01, 4.46839264e+02, 5.96380432e+02, 3.73725563e-01,
       3.82140045e+02, 5.96470886e+02, 3.33776116e-01, 3.73214630e+02,
       5.98565247e+02, 3.27810794e-01, 3.68796478e+02, 5.89667786e+02,
       2.56093860e-01, 3.10685150e+02, 3.64351898e+02, 6.90521121e-01,
       0., 0., 0., 2.92913727e+02, 3.82014008e+02, 5.75217843e-01,
       2.86162415e+02, 4.06737946e+02, 2.70784140e-01, 0., 0., 0., 0.,
       0., 0., 0., 0., 0., 0., 0., 0., 0., 0., 0., 0., 0., 0., 0., 0.,
       0., 0., 0., 0., 0., 0., 0., 0., 0., 0., 0., 0., 0.,
       3.10578339e+02, 3.66446869e+02, 6.67044997e-01, 3.12851837e+02,
       3.64261169e+02, 7.03928590e-01, 2.99540222e+02, 3.66521851e+02,
       4.54676062e-01, 3.13099274e+02, 3.66485413e+02, 2.97538906e-01,
       0., 0., 0., 0., 0., 0., 0., 0., 0., 0., 0., 0., 0., 0., 0., 0.,
       0., 0., 0., 0., 0., 0., 0., 0., 2.59461395e+02, 4.02227020e+02,
       2.73354024e-01, 2.70552765e+02, 4.33419464e+02, 3.32655966e-01,
       2.86179810e+02, 4.35717316e+02, 3.17821473e-01, 0., 0., 0., 0.,
       0., 0., 0., 0., 0., 0., 0., 0., 0., 0., 0., 0., 0., 0., 0., 0.,
       0., 0., 0., 0., 0., 0., 0., 0., 0., 0., 0., 0., 0., 0., 0., 0.,
       0., 0., 0., 0., 0., 0., 0., 0., 0., 0., 0., 0., 0., 0., 0., 0.,
       0., 0., 0., 0., 0., 0., 0., 0. ]
