%YAML:1.0
---
hand_right_0: !!opencv-matrix
   rows: 4
   cols: 21
   dt: "3f"
   data: [ 3.66839722e+02, 4.19552948e+02, 5.71834855e-02,
       3.63877319e+02, 4.39720184e+02, 1.02773055e-01, 3.74701538e+02,
       4.31402618e+02, 1.74401090e-01, 3.72650635e+02, 4.33909302e+02,
       5.18741347e-02, 3.69346405e+02, 4.33909302e+02, 3.06757633e-02,
       3.72422760e+02, 4.32997772e+02, 2.24976987e-01, 3.70371857e+02,
       4.37327484e+02, 4.63857681e-01, 3.70257904e+02, 4.38011108e+02,
       4.79725927e-01, 3.69802155e+02, 4.38922607e+02, 4.84094322e-01,
       3.68093048e+02, 4.33453552e+02, 3.27903092e-01, 3.66611847e+02,
       4.37897156e+02, 5.38644552e-01, 3.65358521e+02, 4.38808685e+02,
       3.54313433e-01, 3.64560944e+02, 4.38466858e+02, 2.17837900e-01,
       3.64788818e+02, 4.32086273e+02, 4.10988420e-01, 3.62965790e+02,
       4.36985657e+02, 6.28215790e-01, 3.62054291e+02, 4.37897156e+02,
       4.99041975e-01, 3.61256714e+02, 4.37441406e+02, 2.91635931e-01,
       3.61484589e+02, 4.29921417e+02, 5.67987204e-01, 3.59889435e+02,
       4.35162628e+02, 7.26620555e-01, 3.59205811e+02, 4.36643829e+02,
       5.98504245e-01, 3.58750031e+02, 4.37669281e+02, 4.90255535e-01,
       2.52748749e+02, 3.96779266e+02, 4.57212180e-01, 2.61661652e+02,
       3.90837341e+02, 4.79240149e-01, 2.77506836e+02, 3.87206146e+02,
       5.75204909e-01, 2.87410065e+02, 3.88196472e+02, 4.51160908e-01,
       2.93682098e+02, 3.88196472e+02, 3.79242301e-01, 2.85099304e+02,
       3.92817963e+02, 6.88849628e-01, 2.95332642e+02, 3.96119049e+02,
       6.73695624e-01, 3.01604675e+02, 3.98759918e+02, 5.83297074e-01,
       3.06556305e+02, 4.01730896e+02, 4.83858079e-01, 2.84108978e+02,
       4.00740570e+02, 6.79703236e-01, 2.94672424e+02, 4.03381409e+02,
       7.82421649e-01, 3.01274567e+02, 4.07012604e+02, 7.69552112e-01,
       3.06556305e+02, 4.09983582e+02, 6.11861169e-01, 2.80147675e+02,
       4.07342712e+02, 7.17532814e-01, 2.90381012e+02, 4.10313690e+02,
       7.04171479e-01, 2.97643402e+02, 4.12624451e+02, 7.72680879e-01,
       3.02595001e+02, 4.14935181e+02, 6.78506136e-01, 2.76516510e+02,
       4.13614746e+02, 6.69771910e-01, 2.84439087e+02, 4.16915833e+02,
       6.12609506e-01, 2.88400391e+02, 4.19226593e+02, 5.93407035e-01,
       2.92361664e+02, 4.21537354e+02, 5.76753914e-01, 4.03864960e+02,
       3.69924316e+02, 9.38413814e-02, 4.11892395e+02, 3.70477936e+02,
       1.25756100e-01, 4.16598145e+02, 3.76567719e+02, 1.24974921e-01,
       4.19781433e+02, 3.84733551e+02, 7.25233927e-02, 4.19643036e+02,
       3.87916870e+02, 4.02696915e-02, 4.16044525e+02, 3.77813354e+02,
       2.86772966e-01, 4.19643036e+02, 3.85563995e+02, 4.40363228e-01,
       4.19781433e+02, 3.88747284e+02, 1.63526908e-01, 4.18674194e+02,
       3.89992920e+02, 1.11329518e-01, 4.09816345e+02, 3.81965485e+02,
       3.87670040e-01, 4.10508362e+02, 3.82934296e+02, 4.35218662e-01,
       4.12861237e+02, 3.86532806e+02, 5.33932209e-01, 4.13138031e+02,
       3.88193665e+02, 2.50544459e-01, 4.04418579e+02, 3.84733551e+02,
       4.81655002e-01, 4.05525818e+02, 3.87640045e+02, 4.02246058e-01,
       4.06079407e+02, 3.90823364e+02, 4.98709828e-01, 4.05941010e+02,
       3.91653778e+02, 4.51881140e-01, 3.98882385e+02, 3.86117615e+02,
       5.18589139e-01, 4.00681641e+02, 3.91238556e+02, 5.01473308e-01,
       4.00958466e+02, 3.92484192e+02, 4.35389847e-01, 4.01650482e+02,
       3.93314636e+02, 2.82339215e-01, 0., 0., 0., 0., 0., 0., 0., 0.,
       0., 0., 0., 0., 0., 0., 0., 0., 0., 0., 0., 0., 0., 0., 0., 0.,
       0., 0., 0., 0., 0., 0., 0., 0., 0., 0., 0., 0., 0., 0., 0., 0.,
       0., 0., 0., 0., 0., 0., 0., 0., 0., 0., 0., 0., 0., 0., 0., 0.,
       0., 0., 0., 0., 0., 0., 0. ]
