%YAML:1.0
---
face_0: !!opencv-matrix
   rows: 6
   cols: 70
   dt: "3f"
   data: [ 2.83018036e+02, 2.39447266e+02, 2.98741069e-02,
       2.77277466e+02, 2.40431351e+02, 2.42234338e-02, 2.79901733e+02,
       2.41579468e+02, 3.55742946e-02, 2.73013062e+02, 2.60113251e+02,
       3.66485454e-02, 2.75801331e+02, 2.65361755e+02, 6.13926165e-02,
       2.81049835e+02, 2.67822021e+02, 2.14103997e-01, 2.83674103e+02,
       2.69462158e+02, 4.26036954e-01, 2.87938507e+02, 2.72086426e+02,
       4.94969249e-01, 2.92366943e+02, 2.72742493e+02, 5.87662935e-01,
       2.96795380e+02, 2.69134125e+02, 5.03808379e-01, 2.98107483e+02,
       2.62245453e+02, 5.40812492e-01, 2.97943481e+02, 2.56012878e+02,
       3.59995514e-01, 2.94335144e+02, 2.47156006e+02, 8.80615264e-02,
       2.90234741e+02, 2.43219620e+02, 1.09041810e-01, 2.67928558e+02,
       2.55028763e+02, 2.06413046e-02, 2.84986237e+02, 2.40431351e+02,
       4.36398061e-03, 2.84822205e+02, 2.65361755e+02, 1.01030404e-02,
       3.02207886e+02, 2.54536713e+02, 1.19194947e-02, 2.75965363e+02,
       2.67822021e+02, 2.19856128e-02, 2.75965363e+02, 2.67657990e+02,
       2.79143006e-02, 2.79737732e+02, 2.65853821e+02, 2.32160073e-02,
       2.81377869e+02, 2.62737518e+02, 1.77017935e-02, 2.74489197e+02,
       2.62573486e+02, 2.60129981e-02, 2.75309296e+02, 2.58637115e+02,
       4.26678956e-02, 2.84986237e+02, 2.62737518e+02, 1.11564994e-02,
       2.87774506e+02, 2.61097351e+02, 3.07633430e-02, 2.87774506e+02,
       2.61097351e+02, 3.89565434e-03, 2.81869934e+02, 2.58801147e+02,
       1.15667500e-01, 2.82361969e+02, 2.59457184e+02, 1.09471120e-01,
       2.82526001e+02, 2.61425385e+02, 1.16270825e-01, 2.82526001e+02,
       2.64705719e+02, 1.84625804e-01, 2.76457397e+02, 2.60113251e+02,
       7.69613758e-02, 2.82690002e+02, 2.63721619e+02, 2.53855258e-01,
       2.83838104e+02, 2.64213654e+02, 3.27357292e-01, 2.85970306e+02,
       2.63885620e+02, 2.59825587e-01, 2.88102539e+02, 2.62573486e+02,
       2.71360040e-01, 2.84002136e+02, 2.67986023e+02, 2.94611398e-02,
       2.77113464e+02, 2.58801147e+02, 9.86026973e-03, 2.84986237e+02,
       2.65197754e+02, 9.47458446e-02, 2.88922607e+02, 2.62737518e+02,
       1.76584180e-02, 2.78589600e+02, 2.59949249e+02, 1.84624996e-02,
       2.85806305e+02, 2.66345856e+02, 1.07785838e-03, 2.82033936e+02,
       2.56176880e+02, 4.40900140e-02, 2.74161163e+02, 2.64213654e+02,
       2.39328155e-03, 2.86462372e+02, 2.66673889e+02, 4.32835445e-02,
       2.74325195e+02, 2.64213654e+02, 2.49163993e-03, 2.74325195e+02,
       2.64213654e+02, 2.16829889e-02, 2.93023010e+02, 2.69298157e+02,
       1.04760965e-02, 2.82361969e+02, 2.61097351e+02, 2.10626990e-01,
       2.81049835e+02, 2.63721619e+02, 3.20944130e-01, 2.83346069e+02,
       2.65197754e+02, 3.98850620e-01, 2.84986237e+02, 2.65525787e+02,
       4.45528001e-01, 2.85806305e+02, 2.65033752e+02, 4.03626591e-01,
       2.87774506e+02, 2.63885620e+02, 6.30203843e-01, 2.89742676e+02,
       2.61917450e+02, 5.64803123e-01, 2.89086609e+02, 2.65197754e+02,
       6.80565596e-01, 2.87610474e+02, 2.66673889e+02, 5.96029222e-01,
       2.85970306e+02, 2.67657990e+02, 5.04595816e-01, 2.84166138e+02,
       2.67493988e+02, 5.28750002e-01, 2.82526001e+02, 2.66345856e+02,
       4.06795174e-01, 2.81869934e+02, 2.64049652e+02, 2.18099102e-01,
       2.83182037e+02, 2.65853821e+02, 3.92986268e-01, 2.84986237e+02,
       2.65853821e+02, 4.87717897e-01, 2.86298340e+02, 2.65361755e+02,
       4.63484228e-01, 2.88922607e+02, 2.62737518e+02, 7.09227920e-01,
       2.86462372e+02, 2.65525787e+02, 4.77302879e-01, 2.85150238e+02,
       2.66017822e+02, 4.85277086e-01, 2.83510071e+02, 2.65689789e+02,
       4.46506888e-01, 2.84986237e+02, 2.65197754e+02, 1.17936656e-02,
       2.86462372e+02, 2.66673889e+02, 7.37353088e-03, 3.78682678e+02,
       2.98556061e+02, 1.31962255e-01, 3.78556152e+02, 2.99441864e+02,
       8.63003582e-02, 3.80707336e+02, 3.15892212e+02, 2.71701738e-02,
       3.89565247e+02, 3.17663788e+02, 6.38843179e-02, 3.81593140e+02,
       2.85648865e+02, 3.97078507e-02, 3.80580811e+02, 2.87673523e+02,
       4.74206842e-02, 3.90957184e+02, 2.89445099e+02, 4.65823524e-02,
       3.78556152e+02, 2.91216675e+02, 5.77255758e-03, 3.78556152e+02,
       2.91216675e+02, 4.06077877e-03, 3.95133057e+02, 2.98809143e+02,
       1.29547878e-03, 3.79695007e+02, 3.18676117e+02, 2.40013637e-02,
       3.92728760e+02, 3.14879883e+02, 2.70332433e-02, 4.00827393e+02,
       2.83244598e+02, 8.19991231e-02, 3.98170044e+02, 3.12095978e+02,
       1.08876094e-01, 3.98549652e+02, 3.07034332e+02, 1.18143968e-01,
       3.97537323e+02, 3.03238098e+02, 1.69183552e-01, 3.95639221e+02,
       2.99568390e+02, 2.76057422e-01, 3.78303070e+02, 2.95519073e+02,
       1.02950044e-01, 3.78556152e+02, 2.94506744e+02, 1.69744819e-01,
       3.79568481e+02, 2.94380219e+02, 2.30748639e-01, 3.80707336e+02,
       2.94759827e+02, 2.18072265e-01, 3.82478912e+02, 2.95645630e+02,
       3.46320361e-01, 3.85769012e+02, 2.95898712e+02, 6.60555601e-01,
       3.87667114e+02, 2.95645630e+02, 7.04605579e-01, 3.89565247e+02,
       2.95139465e+02, 6.46226406e-01, 3.91716431e+02, 2.95392548e+02,
       6.43999457e-01, 3.93361481e+02, 2.96025238e+02, 3.72807890e-01,
       3.83744324e+02, 2.98935699e+02, 5.11637151e-01, 3.82478912e+02,
       3.01593048e+02, 2.78173834e-01, 3.82858551e+02, 3.04503510e+02,
       7.30246305e-02, 3.78682678e+02, 2.98809143e+02, 3.31685431e-02,
       3.77670349e+02, 3.11083649e+02, 1.23465516e-01, 3.77290741e+02,
       3.11083649e+02, 1.24699557e-02, 3.75898773e+02, 3.10830566e+02,
       9.08599410e-04, 3.79441925e+02, 2.98176453e+02, 3.64334099e-02,
       3.82858551e+02, 3.06654724e+02, 6.20726533e-02, 3.79821564e+02,
       2.97543732e+02, 2.57469207e-01, 3.80454254e+02, 2.97670288e+02,
       2.73257345e-01, 3.81086975e+02, 2.97796814e+02, 2.64215171e-01,
       3.81719666e+02, 2.97796814e+02, 3.03409517e-01, 3.81340057e+02,
       2.98049896e+02, 2.66428858e-01, 3.80580811e+02, 2.97796814e+02,
       3.01661849e-01, 3.86781342e+02, 2.99441864e+02, 7.39151359e-01,
       3.87667114e+02, 2.98809143e+02, 8.32324445e-01, 3.88679443e+02,
       2.98809143e+02, 8.23448241e-01, 3.89691772e+02, 2.99694946e+02,
       7.66153157e-01, 3.88679443e+02, 2.99821472e+02, 7.93525994e-01,
       3.87667114e+02, 2.99694946e+02, 7.98185587e-01, 3.98423126e+02,
       2.92861725e+02, 9.42539424e-03, 3.80074646e+02, 2.97417206e+02,
       1.86132791e-03, 3.75519165e+02, 3.10957123e+02, 1.45833148e-02,
       3.80454254e+02, 3.01593048e+02, 2.64050905e-02, 4.06901367e+02,
       2.83371124e+02, 8.50492343e-03, 3.78682678e+02, 3.00833801e+02,
       5.90609806e-03, 3.95765747e+02, 2.93747498e+02, 2.40659416e-02,
       3.76531494e+02, 3.10830566e+02, 5.78194484e-03, 3.96778076e+02,
       2.91596313e+02, 8.23259295e-04, 3.96778076e+02, 2.91596313e+02,
       1.06159337e-02, 3.96778076e+02, 2.91596313e+02, 5.61686419e-03,
       3.78303070e+02, 2.97670288e+02, 2.95516774e-02, 3.98423126e+02,
       2.92861725e+02, 5.98888658e-03, 3.81593140e+02, 3.00580719e+02,
       8.65644682e-03, 3.81593140e+02, 3.00707275e+02, 1.74310803e-02,
       3.85642456e+02, 2.98935699e+02, 3.48307146e-03, 3.78682678e+02,
       3.09818237e+02, 4.22123857e-02, 3.76658020e+02, 3.09818237e+02,
       3.15060094e-03, 3.87667114e+02, 2.96657959e+02, 1.75150856e-02,
       3.79568481e+02, 2.98556061e+02, 3.59276985e-03, 3.80707336e+02,
       2.97670288e+02, 2.01596886e-01, 3.87920197e+02, 2.99062225e+02,
       8.22575808e-01, 1.32242844e+02, 3.23226135e+02, 2.63398588e-02,
       1.33695984e+02, 2.89671936e+02, 3.81365232e-02, 1.32771255e+02,
       2.91125061e+02, 1.89846475e-02, 1.31582336e+02, 2.89936157e+02,
       3.08018140e-02, 1.33960190e+02, 3.21112488e+02, 5.17394803e-02,
       1.36073837e+02, 3.23490356e+02, 3.25572006e-02, 1.34884918e+02,
       3.25207672e+02, 6.32893220e-02, 1.51662018e+02, 3.20716187e+02,
