%YAML:1.0
---
pose_0: !!opencv-matrix
   rows: 1
   cols: 25
   dt: "3f"
   data: [ 2.24740051e+02, 3.37882294e+02, 8.15511107e-01,
       3.11234131e+02, 4.68802094e+02, 7.17891693e-01, 2.06898087e+02,
       4.70984467e+02, 7.03326464e-01, 1.66996033e+02, 6.90767151e+02,
       1.65145695e-01, 2.06893906e+02, 6.37460571e+02, 4.79460448e-01,
       4.19968750e+02, 4.68748474e+02, 5.24277925e-01, 4.15513123e+02,
       6.99636902e+02, 3.72482598e-01, 3.04572418e+02, 6.13133423e+02,
       7.08844364e-01, 3.42303589e+02, 7.72883423e+02, 6.13254607e-02,
       2.71256256e+02, 7.68442444e+02, 7.55160302e-02, 0., 0., 0., 0.,
       0., 0., 0., 0., 0., 0., 0., 0., 0., 0., 0., 2.04664246e+02,
       3.13450958e+02, 9.15459573e-01, 2.46869080e+02, 2.97899231e+02,
       8.30466449e-01, 0., 0., 0., 3.09050293e+02, 2.91243958e+02,
       6.95469975e-01, 0., 0., 0., 0., 0., 0., 0., 0., 0., 0., 0., 0.,
       0., 0., 0., 0., 0., 0. ]
