%YAML:1.0
---
face_0: !!opencv-matrix
   rows: 15
   cols: 70
   dt: "3f"
   data: [ 4.80255249e+02, 1.27873505e+02, 3.97639185e-01,
       4.80128784e+02, 1.31288773e+02, 5.69334209e-01, 4.79749298e+02,
       1.34577560e+02, 5.40731907e-01, 4.79749298e+02, 1.38372299e+02,
       5.49982667e-01, 4.80761230e+02, 1.42040558e+02, 5.64720929e-01,
       4.83291077e+02, 1.44570389e+02, 6.32937253e-01, 4.87085815e+02,
       1.46341278e+02, 6.71500921e-01, 4.90374603e+02, 1.47606186e+02,
       7.61141658e-01, 4.93916351e+02, 1.47606186e+02, 7.62740731e-01,
       4.95940216e+02, 1.46341278e+02, 7.21671700e-01, 4.96825653e+02,
       1.43811447e+02, 6.58842504e-01, 4.97964081e+02, 1.41028625e+02,
       6.44247234e-01, 4.98596558e+02, 1.38372299e+02, 6.07865036e-01,
       4.99229004e+02, 1.35336502e+02, 6.09069109e-01, 4.99102509e+02,
       1.32680176e+02, 5.13724625e-01, 4.99102509e+02, 1.30150345e+02,
       3.83040965e-01, 4.98849518e+02, 1.27494026e+02, 3.41625780e-01,
       4.84303009e+02, 1.24205246e+02, 6.97786689e-01, 4.85947388e+02,
       1.23446297e+02, 7.69536018e-01, 4.87465271e+02, 1.23319801e+02,
       8.51947248e-01, 4.89109680e+02, 1.23572784e+02, 8.96425724e-01,
       4.90501068e+02, 1.24205246e+02, 9.06521499e-01, 4.95307770e+02,
       1.24205246e+02, 4.97792602e-01, 4.96193207e+02, 1.23446297e+02,
       5.86557746e-01, 4.97078644e+02, 1.23193314e+02, 7.49958754e-01,
       4.98090576e+02, 1.23066818e+02, 6.38262272e-01, 4.98849518e+02,
       1.23319801e+02, 4.96571273e-01, 4.93916351e+02, 1.28252975e+02,
       7.33448029e-01, 4.94295837e+02, 1.30403336e+02, 8.28765512e-01,
       4.95181274e+02, 1.32680176e+02, 8.38426411e-01, 4.96193207e+02,
       1.34704041e+02, 7.26547718e-01, 4.93030914e+02, 1.36348434e+02,
       7.61399865e-01, 4.94042847e+02, 1.36601425e+02, 7.65642107e-01,
       4.95181274e+02, 1.37233887e+02, 7.64713764e-01, 4.96066711e+02,
       1.36601425e+02, 5.84954500e-01, 4.96825653e+02, 1.36348434e+02,
       4.84798193e-01, 4.85694397e+02, 1.28758942e+02, 7.70469069e-01,
       4.87085815e+02, 1.28505966e+02, 8.02610278e-01, 4.88350739e+02,
       1.28505966e+02, 8.21494699e-01, 4.89615631e+02, 1.29011932e+02,
       7.35565603e-01, 4.88224243e+02, 1.29264908e+02, 8.28785956e-01,
       4.87085815e+02, 1.29264908e+02, 8.89530420e-01, 4.95307770e+02,
       1.28252975e+02, 8.35544944e-01, 4.96193207e+02, 1.27873505e+02,
       7.18684018e-01, 4.97078644e+02, 1.27620522e+02, 7.36316800e-01,
       4.97837585e+02, 1.27620522e+02, 6.97632670e-01, 4.97205139e+02,
       1.28252975e+02, 8.16202879e-01, 4.96193207e+02, 1.28379471e+02,
       7.82986462e-01, 4.90501068e+02, 1.40396164e+02, 7.96536267e-01,
       4.92271973e+02, 1.39637222e+02, 8.72333944e-01, 4.94042847e+02,
       1.39384232e+02, 9.09814239e-01, 4.94801788e+02, 1.39510727e+02,
       8.89552116e-01, 4.95434265e+02, 1.39384232e+02, 8.14388275e-01,
       4.96319702e+02, 1.39510727e+02, 7.74542391e-01, 4.96446198e+02,
       1.40396164e+02, 7.03456938e-01, 4.96193207e+02, 1.41408096e+02,
       8.30810666e-01, 4.95307770e+02, 1.41661087e+02, 7.83555448e-01,
       4.94422333e+02, 1.42040558e+02, 7.61522055e-01, 4.93283905e+02,
       1.41914062e+02, 8.16116631e-01, 4.92145477e+02, 1.41408096e+02,
       8.68417740e-01, 4.91386536e+02, 1.40522659e+02, 8.27134550e-01,
       4.93789856e+02, 1.40396164e+02, 8.95381868e-01, 4.94548828e+02,
       1.40396164e+02, 8.88151646e-01, 4.95307770e+02, 1.40396164e+02,
       9.02446806e-01, 4.96193207e+02, 1.40396164e+02, 7.77034044e-01,
       4.95307770e+02, 1.40396164e+02, 8.86202693e-01, 4.94548828e+02,
       1.40522659e+02, 8.82971704e-01, 4.93663361e+02, 1.40522659e+02,
       8.87757301e-01, 4.87465271e+02, 1.28885437e+02, 7.41372287e-01,
       4.96319702e+02, 1.28126480e+02, 7.32683599e-01, 3.97847961e+02,
       1.29226364e+02, 2.91384369e-01, 3.97987122e+02, 1.30478790e+02,
       2.12898239e-01, 3.97847961e+02, 1.32427002e+02, 4.01162982e-01,
       3.97987122e+02, 1.34931839e+02, 4.93177831e-01, 3.98265442e+02,
       1.37019211e+02, 5.84845066e-01, 3.99378693e+02, 1.39941513e+02,
       6.06497586e-01, 4.00631104e+02, 1.42168045e+02, 5.69053054e-01,
       4.02161835e+02, 1.44394562e+02, 5.39759040e-01, 4.04249207e+02,
       1.45646988e+02, 5.96991956e-01, 4.06754059e+02, 1.45925293e+02,
       5.50793707e-01, 4.10093842e+02, 1.44951187e+02, 4.98265445e-01,
       4.13572784e+02, 1.43837936e+02, 5.18615544e-01, 4.16634247e+02,
       1.41889725e+02, 4.57106739e-01, 4.18304138e+02, 1.38689102e+02,
       4.80134159e-01, 4.18860779e+02, 1.34792679e+02, 5.32169521e-01,
       4.17886658e+02, 1.30757111e+02, 5.99180996e-01, 4.16912567e+02,
       1.26999847e+02, 5.33341169e-01, 3.96456390e+02, 1.22129326e+02,
       4.40017581e-01, 3.97152161e+02, 1.21990173e+02, 5.42550683e-01,
       3.98404572e+02, 1.22407646e+02, 6.35829091e-01, 4.00074463e+02,
       1.22825119e+02, 7.05376208e-01, 4.01187744e+02, 1.23799225e+02,
       7.25939572e-01, 4.04805847e+02, 1.23799225e+02, 7.58295119e-01,
       4.06614899e+02, 1.22825119e+02, 8.10137510e-01, 4.08006470e+02,
       1.22546799e+02, 8.88819218e-01, 4.09954681e+02, 1.22407646e+02,
       7.99912810e-01, 4.11485413e+02, 1.22546799e+02, 7.14854956e-01,
       4.03275116e+02, 1.27417320e+02, 9.54797328e-01, 4.02440155e+02,
       1.29922165e+02, 9.57258463e-01, 4.01605225e+02, 1.32427002e+02,
       7.69457102e-01, 4.00909424e+02, 1.34653519e+02, 5.89772344e-01,
       4.00074463e+02, 1.34792679e+02, 5.58724582e-01, 4.00770264e+02,
       1.35627625e+02, 5.83757281e-01, 4.01744385e+02, 1.36045105e+02,
       6.03337526e-01, 4.02996796e+02, 1.35905945e+02, 6.51601911e-01,
       4.04249207e+02, 1.35349304e+02, 6.16208792e-01, 3.97708801e+02,
       1.27139008e+02, 6.42908990e-01, 3.98265442e+02, 1.26721535e+02,
       8.12746704e-01, 3.99657013e+02, 1.26999847e+02, 8.38372469e-01,
       4.00770264e+02, 1.27139008e+02, 8.07893872e-01, 3.99657013e+02,
       1.27695641e+02, 7.77382970e-01, 3.98543732e+02, 1.27695641e+02,
       7.28106856e-01, 4.06893219e+02, 1.27556480e+02, 8.61943007e-01,
       4.07867310e+02, 1.27139008e+02, 8.53054583e-01, 4.09119720e+02,
       1.26999847e+02, 8.34680557e-01, 4.10233002e+02, 1.27139008e+02,
       7.96557546e-01, 4.09119720e+02, 1.27417320e+02, 7.74902701e-01,
       4.08006470e+02, 1.27695641e+02, 7.95162559e-01, 4.00074463e+02,
       1.37993301e+02, 4.93028104e-01, 4.00491943e+02, 1.37575836e+02,
       5.87748110e-01, 4.01605225e+02, 1.37575836e+02, 5.15571713e-01,
       4.02440155e+02, 1.37854156e+02, 5.34377515e-01, 4.03275116e+02,
       1.37993301e+02, 5.22670984e-01, 4.04805847e+02, 1.38132462e+02,
       5.86267114e-01, 4.06893219e+02, 1.38410782e+02, 6.27444804e-01,
       4.05223328e+02, 1.39524048e+02, 5.65501094e-01, 4.03692566e+02,
       1.39663193e+02, 5.59749603e-01, 4.02440155e+02, 1.39802353e+02,
       5.73469639e-01, 4.02161835e+02, 1.39663193e+02, 6.09437168e-01,
       4.01048584e+02, 1.38967407e+02, 6.41831040e-01, 4.00491943e+02,
       1.38132462e+02, 5.70242524e-01, 4.01466064e+02, 1.38132462e+02,
       5.77015519e-01, 4.02300995e+02, 1.38132462e+02, 6.05490804e-01,
       4.03275116e+02, 1.38271622e+02, 4.83513176e-01, 4.06058258e+02,
       1.38549942e+02, 7.07240701e-01, 4.03414276e+02, 1.39106567e+02,
       5.27754545e-01, 4.02440155e+02, 1.39106567e+02, 5.35049438e-01,
       4.01605225e+02, 1.38410782e+02, 5.14700174e-01, 3.99100372e+02,
       1.26999847e+02, 8.05905342e-01, 4.08423950e+02, 1.27139008e+02,
       7.96956658e-01, 2.20326096e+02, 2.85738373e+02, 3.01775634e-01,
       2.17763977e+02, 2.92833496e+02, 4.03167903e-01, 2.15398926e+02,
       2.99534424e+02, 3.65455806e-01, 2.17172714e+02, 3.06235382e+02,
       2.61109918e-01, 2.20523193e+02, 3.12147980e+02, 2.80965388e-01,
       2.24464920e+02, 3.16878082e+02, 3.35913211e-01, 2.26041611e+02,
       3.21805237e+02, 2.63914466e-01, 2.27815399e+02, 3.24367371e+02,
