%YAML:1.0
---
hand_right_0: !!opencv-matrix
   rows: 4
   cols: 21
   dt: "3f"
   data: [ 4.10496948e+02, 5.47680359e+02, 2.40348637e-01,
       4.17066803e+02, 5.49870300e+02, 3.21169376e-01, 4.22176666e+02,
       5.52644226e+02, 2.28197873e-01, 4.25534576e+02, 5.56294128e+02,
       7.56430104e-02, 4.31520447e+02, 5.60236023e+02, 1.26382917e-01,
       4.23052643e+02, 5.54542175e+02, 3.27442259e-01, 4.26264587e+02,
       5.57316101e+02, 2.49402821e-01, 4.29768494e+02, 5.60382019e+02,
       2.60505021e-01, 4.32542419e+02, 5.61549988e+02, 4.44810927e-01,
       4.20716705e+02, 5.56732117e+02, 3.88039708e-01, 4.23490631e+02,
       5.61549988e+02, 2.57942170e-01, 4.25826569e+02, 5.64907959e+02,
       1.66720897e-01, 4.26702576e+02, 5.68119873e+02, 2.33435482e-01,
       4.17650787e+02, 5.57900085e+02, 4.41627681e-01, 4.20570709e+02,
       5.62425964e+02, 4.05468225e-01, 4.23052643e+02, 5.65199951e+02,
       2.54928440e-01, 4.25388580e+02, 5.67535889e+02, 2.55726099e-01,
       4.15022827e+02, 5.59360046e+02, 4.51873600e-01, 4.16336823e+02,
       5.63009949e+02, 5.42935967e-01, 4.17504791e+02, 5.65053955e+02,
       4.82588172e-01, 4.18964752e+02, 5.66951904e+02, 4.40380692e-01,
       2.74377838e+02, 5.89597656e+02, 3.77018750e-02, 2.72975128e+02,
       5.85950623e+02, 3.08563262e-02, 2.73536224e+02, 5.84688171e+02,
       4.47319373e-02, 2.76481934e+02, 5.79357788e+02, 2.71894783e-02,
       2.79988739e+02, 5.76692627e+02, 1.57610402e-02, 2.72975128e+02,
       5.84547852e+02, 2.13330701e-01, 2.77884674e+02, 5.78095337e+02,
       2.51191378e-01, 2.79708221e+02, 5.73466309e+02, 8.18869248e-02,
       2.79708221e+02, 5.69538696e+02, 3.13473307e-02, 2.76341675e+02,
       5.87213074e+02, 2.08223224e-01, 2.82233124e+02, 5.79638306e+02,
       1.22387066e-01, 2.85178833e+02, 5.78656433e+02, 5.23779094e-02,
       2.86301025e+02, 5.82584045e+02, 2.33780611e-02, 2.80549835e+02,
       5.88335205e+02, 1.28078595e-01, 2.85880188e+02, 5.83846497e+02,
       5.99142201e-02, 2.86441284e+02, 5.83846497e+02, 5.06959930e-02,
       2.86441284e+02, 5.82303528e+02, 2.34062448e-02, 2.80549835e+02,
       5.87213074e+02, 1.79921761e-02, 2.87423187e+02, 5.85249207e+02,
       3.23709361e-02, 2.88966187e+02, 5.85389526e+02, 2.86741517e-02,
       2.89527283e+02, 5.84828430e+02, 2.17272732e-02, 0., 0., 0., 0.,
       0., 0., 0., 0., 0., 0., 0., 0., 0., 0., 0., 0., 0., 0., 0., 0.,
       0., 0., 0., 0., 0., 0., 0., 0., 0., 0., 0., 0., 0., 0., 0., 0.,
       0., 0., 0., 0., 0., 0., 0., 0., 0., 0., 0., 0., 0., 0., 0., 0.,
       0., 0., 0., 0., 0., 0., 0., 0., 0., 0., 0., 1.26332619e+02,
       5.24551575e+02, 1.99050065e-02, 1.24486519e+02, 5.28474487e+02,
       2.23296937e-02, 1.22871178e+02, 5.29628296e+02, 3.16321477e-02,
       1.19986649e+02, 5.35512756e+02, 3.12761404e-02, 1.16294449e+02,
       5.37705017e+02, 2.87547633e-02, 1.15832924e+02, 5.38743408e+02,
       2.40499638e-02, 1.16063690e+02, 5.39320312e+02, 5.37663177e-02,
       1.19871269e+02, 5.40127991e+02, 8.29800814e-02, 1.18948219e+02,
       5.40474182e+02, 2.51314081e-02, 1.14217590e+02, 5.43127930e+02,
       1.81010701e-02, 1.14679115e+02, 5.43127930e+02, 9.22860801e-02,
       1.19640503e+02, 5.43589417e+02, 3.66652794e-02, 1.17332878e+02,
       5.44166321e+02, 2.08597817e-02, 1.16063690e+02, 5.43243286e+02,
       1.45815462e-02, 1.15025253e+02, 5.43935608e+02, 4.16449606e-02,
       1.16525215e+02, 5.44973999e+02, 2.00876910e-02, 1.17217499e+02,
       5.44397095e+02, 1.55999800e-02, 1.14332970e+02, 5.50512329e+02,
       1.70362070e-02, 1.15832924e+02, 5.48666199e+02, 1.83405690e-02,
       1.15256020e+02, 5.50396912e+02, 2.43962575e-02, 1.16409828e+02,
       5.48550842e+02, 1.33651569e-02 ]
