%YAML:1.0
---
hand_right_0: !!opencv-matrix
   rows: 10
   cols: 21
   dt: "3f"
   data: [ 4.36309021e+02, 5.04554047e+02, 2.35591345e-02,
       4.56557220e+02, 4.92581207e+02, 1.57261062e-02, 4.61839355e+02,
       5.09484039e+02, 2.38716304e-02, 4.60782928e+02, 5.08251556e+02,
       2.49071307e-02, 4.60430786e+02, 5.08427612e+02, 1.59626342e-02,
       4.60782928e+02, 4.99271912e+02, 2.70296261e-02, 4.40886871e+02,
       4.93637634e+02, 2.10267641e-02, 4.38597961e+02, 4.91876923e+02,
       1.31605919e-02, 4.60254700e+02, 5.08251556e+02, 8.57820828e-03,
       4.59550415e+02, 4.99447998e+02, 1.31317396e-02, 4.41062958e+02,
       4.95398346e+02, 2.49211621e-02, 4.41062958e+02, 4.93637634e+02,
       2.16216184e-02, 4.40886871e+02, 4.89764069e+02, 5.46808168e-03,
       4.50042572e+02, 4.98215485e+02, 1.14772599e-02, 4.41591156e+02,
       4.96806915e+02, 1.70609150e-02, 4.45464722e+02, 4.91172638e+02,
       1.10334987e-02, 4.45992950e+02, 4.90116211e+02, 1.09494878e-02,
       4.48105804e+02, 4.98919769e+02, 1.72931999e-02, 4.47753662e+02,
       4.92229065e+02, 1.62108541e-02, 4.47049377e+02, 4.92405151e+02,
       3.83875296e-02, 4.46873291e+02, 4.91876923e+02, 1.65586397e-02,
       0., 0., 0., 0., 0., 0., 0., 0., 0., 0., 0., 0., 0., 0., 0., 0.,
       0., 0., 0., 0., 0., 0., 0., 0., 0., 0., 0., 0., 0., 0., 0., 0.,
       0., 0., 0., 0., 0., 0., 0., 0., 0., 0., 0., 0., 0., 0., 0., 0.,
       0., 0., 0., 0., 0., 0., 0., 0., 0., 0., 0., 0., 0., 0., 0.,
       2.56574432e+02, 6.26647766e+02, 2.92359553e-02, 2.58435394e+02,
       6.26504639e+02, 1.23646362e-02, 2.55214493e+02, 6.29152954e+02,
       1.44757740e-02, 2.55643951e+02, 6.29224487e+02, 9.74421017e-03,
       2.53425095e+02, 6.26289917e+02, 5.34252776e-03, 2.56144989e+02,
       6.29296082e+02, 1.06262676e-02, 2.55572372e+02, 6.29296082e+02,
       1.22658210e-02, 2.55572372e+02, 6.29367676e+02, 9.70071368e-03,
       2.55715530e+02, 6.29439270e+02, 5.40112145e-03, 2.55787094e+02,
       6.29582397e+02, 5.28487610e-03, 2.55715530e+02, 6.29510803e+02,
       3.69916577e-03, 2.55643951e+02, 6.29296082e+02, 6.43450487e-03,
       2.55715530e+02, 6.29296082e+02, 4.04030457e-03, 2.55429214e+02,
       6.29296082e+02, 5.75683638e-03, 2.55357651e+02, 6.29152954e+02,
       8.43744166e-03, 2.55500793e+02, 6.29224487e+02, 1.02309342e-02,
       2.54999771e+02, 6.28723511e+02, 6.58090739e-03, 2.55429214e+02,
       6.28795044e+02, 3.09198759e-02, 2.55429214e+02, 6.29224487e+02,
       3.94666418e-02, 2.54999771e+02, 6.29081360e+02, 2.58875154e-02,
       2.54856613e+02, 6.28866638e+02, 1.24720102e-02, 3.98095428e+02,
       4.31547363e+02, 3.10902093e-02, 4.01281403e+02, 4.39077881e+02,
       3.32660861e-02, 3.98529877e+02, 4.48201416e+02, 4.98710983e-02,
       3.98095428e+02, 4.48491058e+02, 2.85952222e-02, 3.97660950e+02,
       4.49794403e+02, 1.10757807e-02, 3.98674683e+02, 4.47187683e+02,
       2.27742363e-02, 3.97516144e+02, 4.48925507e+02, 1.70022175e-02,
       3.97660950e+02, 4.49070312e+02, 1.06157018e-02, 3.91433807e+02,
       4.48056610e+02, 7.64603401e-03, 3.87089264e+02, 4.65579559e+02,
       9.30573698e-03, 3.86509979e+02, 4.64565826e+02, 8.37160554e-03,
       3.91723419e+02, 4.48056610e+02, 1.22478846e-02, 3.91868256e+02,
       4.48780701e+02, 7.95029104e-03, 3.86944427e+02, 4.65579559e+02,
       8.37580860e-03, 3.86799622e+02, 4.65000305e+02, 8.50248430e-03,
       3.89406342e+02, 4.45884338e+02, 1.21101523e-02, 3.90130432e+02,
       4.47477325e+02, 1.03673376e-02, 3.97516144e+02, 4.46898041e+02,
       1.02719329e-02, 3.97516144e+02, 4.48201416e+02, 1.61240753e-02,
       3.89261536e+02, 4.45739502e+02, 2.07269136e-02, 3.89261536e+02,
       4.46463593e+02, 1.20168990e-02, 0., 0., 0., 0., 0., 0., 0., 0.,
       0., 0., 0., 0., 0., 0., 0., 0., 0., 0., 0., 0., 0., 0., 0., 0.,
       0., 0., 0., 0., 0., 0., 0., 0., 0., 0., 0., 0., 0., 0., 0., 0.,
       0., 0., 0., 0., 0., 0., 0., 0., 0., 0., 0., 0., 0., 0., 0., 0.,
       0., 0., 0., 0., 0., 0., 0., 0., 0., 0., 0., 0., 0., 0., 0., 0.,
       0., 0., 0., 0., 0., 0., 0., 0., 0., 0., 0., 0., 0., 0., 0., 0.,
       0., 0., 0., 0., 0., 0., 0., 0., 0., 0., 0., 0., 0., 0., 0., 0.,
       0., 0., 0., 0., 0., 0., 0., 0., 0., 0., 0., 0., 0., 0., 0., 0.,
       0., 0., 0., 0., 0., 0., 2.92571777e+02, 4.19187042e+02,
       6.16191216e-02, 2.99724762e+02, 4.23088654e+02, 1.05523378e-01,
       3.00895233e+02, 4.37004425e+02, 3.31274599e-01, 2.96343353e+02,
       4.45327881e+02, 7.35728741e-02, 2.94262482e+02, 4.43897278e+02,
       3.06815915e-02, 2.98684326e+02, 4.32062378e+02, 5.23158610e-02,
       2.95432953e+02, 4.45587982e+02, 9.33944657e-02, 2.91401306e+02,
       4.43897278e+02, 6.97072670e-02, 2.94522583e+02, 4.41816437e+02,
       4.43261825e-02, 2.95042816e+02, 4.30761841e+02, 1.61935657e-01,
       2.90620972e+02, 4.38565063e+02, 9.16220471e-02, 2.89450470e+02,
       4.42856873e+02, 1.08895101e-01, 2.92571777e+02, 4.41426270e+02,
       6.16821796e-02, 2.90881073e+02, 4.29331238e+02, 1.08046882e-01,
       2.88279999e+02, 4.36354156e+02, 1.23897031e-01, 2.87239563e+02,
       4.39475464e+02, 7.48544559e-02, 2.90230804e+02, 4.39085297e+02,
       3.71284261e-02, 2.88279999e+02, 4.27640533e+02, 6.05846867e-02,
       2.85158691e+02, 4.32192444e+02, 6.50209337e-02, 2.84508423e+02,
       4.32712646e+02, 5.18428832e-02, 2.86199127e+02, 4.37914795e+02,
       2.33640969e-02, 0., 0., 0., 0., 0., 0., 0., 0., 0., 0., 0., 0.,
       0., 0., 0., 0., 0., 0., 0., 0., 0., 0., 0., 0., 0., 0., 0., 0.,
       0., 0., 0., 0., 0., 0., 0., 0., 0., 0., 0., 0., 0., 0., 0., 0.,
       0., 0., 0., 0., 0., 0., 0., 0., 0., 0., 0., 0., 0., 0., 0., 0.,
       0., 0., 0., 7.95988235e+01, 5.16012756e+02, 1.15878232e-01,
       8.39168320e+01, 5.17739990e+02, 7.50970319e-02, 8.97461395e+01,
       5.21194397e+02, 9.03667361e-02, 9.32005463e+01, 5.27239624e+02,
       7.41411895e-02, 9.40641479e+01, 5.28319092e+02, 5.78709319e-02,
       8.82348404e+01, 5.17092285e+02, 3.13332111e-01, 9.23369446e+01,
       5.21626160e+02, 5.39757490e-01, 9.34164505e+01, 5.27887329e+02,
       5.14796853e-01, 9.38482513e+01, 5.31557617e+02, 6.02046251e-01,
       8.56440353e+01, 5.17739990e+02, 3.41321945e-01, 8.90984421e+01,
       5.23137512e+02, 4.80050176e-01, 8.97461395e+01, 5.28966797e+02,
       4.83213156e-01, 9.08256454e+01, 5.33068909e+02, 5.84423125e-01,
       8.21896286e+01, 5.19251282e+02, 2.81877279e-01, 8.39168320e+01,
       5.24216980e+02, 4.05834019e-01, 8.54281387e+01, 5.28750916e+02,
       3.95445973e-01, 8.65076370e+01, 5.31989380e+02, 4.29825425e-01,
       7.87352219e+01, 5.21410278e+02, 2.38206714e-01, 7.91670227e+01,
       5.25080566e+02, 3.01223874e-01, 8.02465286e+01, 5.28103210e+02,
       3.95935863e-01, 8.13260269e+01, 5.30262207e+02, 4.48618621e-01,
       0., 0., 0., 0., 0., 0., 0., 0., 0., 0., 0., 0., 0., 0., 0., 0.,
       0., 0., 0., 0., 0., 0., 0., 0., 0., 0., 0., 0., 0., 0., 0., 0.,
       0., 0., 0., 0., 0., 0., 0., 0., 0., 0., 0., 0., 0., 0., 0., 0.,
       0., 0., 0., 0., 0., 0., 0., 0., 0., 0., 0., 0., 0., 0., 0. ]
