%YAML:1.0
---
hand_right_0: !!opencv-matrix
   rows: 1
   cols: 21
   dt: "3f"
   data: [ 3.42919586e+02, 3.92187531e+02, 2.75597461e-02,
       3.59090363e+02, 3.84350891e+02, 1.98255125e-02, 3.58219635e+02,
       3.85470428e+02, 4.52768356e-02, 3.51378143e+02, 3.84972870e+02,
       1.05687054e-02, 3.51004974e+02, 3.83728943e+02, 9.22345463e-03,
       3.51378143e+02, 3.85843597e+02, 5.74469892e-03, 3.50383026e+02,
       3.85967987e+02, 9.79372952e-03, 3.52248871e+02, 3.86216766e+02,
       2.14161370e-02, 3.69912384e+02, 4.01019257e+02, 1.59046780e-02,
       3.51253754e+02, 3.86216766e+02, 3.69406608e-03, 3.59587952e+02,
       3.94302155e+02, 5.05068153e-03, 3.66305054e+02, 3.93804596e+02,
       1.86797529e-02, 3.73022156e+02, 3.89077759e+02, 8.99961777e-03,
       3.60334290e+02, 4.00024139e+02, 4.17033955e-03, 3.60334290e+02,
       3.99775360e+02, 2.15364788e-02, 3.66180664e+02, 3.93182648e+02,
       7.77428374e-02, 3.70534332e+02, 3.94177765e+02, 3.63578908e-02,
       3.59090363e+02, 4.00272919e+02, 1.90521553e-02, 3.62200134e+02,
       3.99899750e+02, 9.04142857e-02, 3.66056274e+02, 4.00024139e+02,
       2.61037916e-01, 3.70658722e+02, 4.01019257e+02, 3.31104368e-01 ]
