%YAML:1.0
---
pose_0: !!opencv-matrix
   rows: 1
   cols: 25
   dt: "3f"
   data: [ 3.05516144e+02, 3.58100952e+02, 8.14333320e-01,
       3.05626068e+02, 3.76774170e+02, 5.04982829e-01, 2.91946594e+02,
       3.76755493e+02, 6.30281746e-01, 3.19118896e+02, 3.97038971e+02,
       3.17871630e-01, 3.47956787e+02, 3.93671844e+02, 1.59049049e-01,
       3.22533661e+02, 3.80165039e+02, 3.96207660e-01, 3.46229828e+02,
       3.88658844e+02, 5.10570444e-02, 0., 0., 0., 2.76789246e+02,
       4.44527466e+02, 4.58792478e-01, 2.64890411e+02, 4.37775848e+02,
       4.55743700e-01, 2.54696686e+02, 4.27544342e+02, 7.78552473e-01,
       2.09012497e+02, 4.81796844e+02, 8.40369821e-01, 2.90296722e+02,
       4.54701996e+02, 4.26246256e-01, 2.85206787e+02, 4.42831024e+02,
       7.90310025e-01, 2.56407196e+02, 5.05523254e+02, 7.84093857e-01,
       3.00466553e+02, 3.49650543e+02, 7.43220806e-01, 3.12352905e+02,
       3.47998566e+02, 7.08152294e-01, 2.90344849e+02, 3.47970367e+02,
       5.05178332e-01, 3.20868835e+02, 3.46334717e+02, 4.22380090e-01,
       2.51380127e+02, 5.20761963e+02, 7.20455766e-01, 2.61514526e+02,
       5.20835266e+02, 7.88392305e-01, 2.51324219e+02, 5.07222046e+02,
       7.14499354e-01, 1.88638336e+02, 4.83550385e+02, 6.86141372e-01,
       1.86912308e+02, 4.80169647e+02, 7.43225217e-01, 2.10630203e+02,
       4.91940552e+02, 7.14516878e-01 ]
