%YAML:1.0
---
hand_left_0: !!opencv-matrix
   rows: 4
   cols: 21
   dt: "3f"
   data: [ 4.79235229e+02, 5.79355713e+02, 5.32697747e-03,
       4.63521973e+02, 5.46964417e+02, 3.18204681e-03, 4.58697723e+02,
       5.42140137e+02, 4.57178894e-03, 4.58559906e+02, 5.42415833e+02,
       4.51499643e-03, 4.60351746e+02, 5.44069824e+02, 5.26322331e-03,
       4.60213928e+02, 5.46964417e+02, 3.92552232e-03, 4.60213928e+02,
       5.46964417e+02, 4.73815436e-03, 4.60627441e+02, 5.46413025e+02,
       4.91582649e-03, 4.61730103e+02, 5.44207703e+02, 4.63861274e-03,
       4.59800415e+02, 5.47377869e+02, 2.00426811e-03, 4.59800415e+02,
       5.48067078e+02, 1.77357497e-03, 4.59524750e+02, 5.48067078e+02,
       3.03357118e-03, 4.61867950e+02, 5.44207703e+02, 1.09751080e-03,
       4.60076080e+02, 5.47791382e+02, 1.82067521e-03, 4.59249084e+02,
       5.48342773e+02, 2.39197677e-03, 4.59524750e+02, 5.48480591e+02,
       3.61169735e-03, 4.61730103e+02, 5.44207703e+02, 2.28622346e-03,
       4.60489594e+02, 5.48067078e+02, 2.01638974e-03, 4.60076080e+02,
       5.48204895e+02, 2.81838980e-03, 4.61592285e+02, 5.43518494e+02,
       3.33948457e-03, 4.61730103e+02, 5.43656311e+02, 2.57005612e-03,
       2.83707825e+02, 5.54725220e+02, 2.15057489e-02, 2.70219635e+02,
       5.69920715e+02, 1.65425036e-02, 2.86439606e+02, 5.50286072e+02,
       1.20445108e-02, 2.80634552e+02, 5.71457397e+02, 1.99112203e-02,
       2.81146759e+02, 5.70603699e+02, 1.74776390e-02, 2.85927399e+02,
       5.50115356e+02, 1.61875505e-02, 2.86781067e+02, 5.50968994e+02,
       1.06455814e-02, 2.80805298e+02, 5.70603699e+02, 1.10415239e-02,
       2.80293091e+02, 5.69408508e+02, 1.15889776e-02, 2.85927399e+02,
       5.51822693e+02, 8.22436810e-03, 2.88488434e+02, 5.58993591e+02,
       6.55598985e-03, 2.81146759e+02, 5.68896301e+02, 1.20421397e-02,
       2.80805298e+02, 5.69067078e+02, 1.26348268e-02, 2.85927399e+02,
       5.51481201e+02, 7.35997735e-03, 2.88488434e+02, 5.59164368e+02,
       8.67103785e-03, 2.81317505e+02, 5.69579285e+02, 1.27244322e-02,
       2.80976044e+02, 5.69237793e+02, 1.56362504e-02, 2.86610352e+02,
       5.50456787e+02, 7.83239026e-03, 2.82512665e+02, 5.69750000e+02,
       9.68130864e-03, 2.80463837e+02, 5.70945190e+02, 1.37784239e-02,
       2.82000458e+02, 5.69579285e+02, 1.13899810e-02, 0., 0., 0., 0.,
       0., 0., 0., 0., 0., 0., 0., 0., 0., 0., 0., 0., 0., 0., 0., 0.,
       0., 0., 0., 0., 0., 0., 0., 0., 0., 0., 0., 0., 0., 0., 0., 0.,
       0., 0., 0., 0., 0., 0., 0., 0., 0., 0., 0., 0., 0., 0., 0., 0.,
       0., 0., 0., 0., 0., 0., 0., 0., 0., 0., 0., 0., 0., 0., 0., 0.,
       0., 0., 0., 0., 0., 0., 0., 0., 0., 0., 0., 0., 0., 0., 0., 0.,
       0., 0., 0., 0., 0., 0., 0., 0., 0., 0., 0., 0., 0., 0., 0., 0.,
       0., 0., 0., 0., 0., 0., 0., 0., 0., 0., 0., 0., 0., 0., 0., 0.,
       0., 0., 0., 0., 0., 0., 0., 0., 0., 0. ]
