%YAML:1.0
---
pose_0: !!opencv-matrix
   rows: 1
   cols: 25
   dt: "3f"
   data: [ 3.36108948e+02, 2.16164993e+02, 9.19494987e-01,
       3.27338562e+02, 2.51041931e+02, 8.19846153e-01, 2.68602539e+02,
       2.35848267e+02, 7.67154336e-01, 1.85695786e+02, 2.53386108e+02,
       7.94008911e-01, 2.27106384e+02, 3.29576874e+02, 7.67045796e-01,
       3.88326447e+02, 2.62000244e+02, 7.19442546e-01, 4.25399750e+02,
       3.51352570e+02, 7.57213235e-01, 4.14529144e+02, 4.27614532e+02,
       8.15620661e-01, 3.20754517e+02, 4.18917969e+02, 5.95216930e-01,
       2.83764191e+02, 4.08007904e+02, 5.51947832e-01, 2.01056122e+02,
       4.34113586e+02, 7.75103211e-01, 1.63842316e+02, 5.62743958e+02,
       7.57716835e-01, 3.55614960e+02, 4.27651794e+02, 5.42702317e-01,
       3.44766632e+02, 5.54037231e+02, 7.06802130e-01, 4.23246643e+02,
       6.62915527e+02, 6.18524551e-01, 3.18688477e+02, 1.98852234e+02,
       9.13601875e-01, 3.51351013e+02, 2.00911743e+02, 8.70937288e-01,
       2.85863586e+02, 1.92263290e+02, 7.57926881e-01, 3.70930695e+02,
       2.00911346e+02, 2.24011779e-01, 4.25402527e+02, 6.93472778e+02,
       3.51980448e-01, 4.40642853e+02, 6.86904846e+02, 4.01258707e-01,
       4.29782959e+02, 6.69429504e+02, 4.04832989e-01, 1.24660912e+02,
       5.91047546e+02, 6.29278839e-01, 1.16029617e+02, 5.82324402e+02,
       6.78126216e-01, 1.70469955e+02, 5.73606934e+02, 5.27593791e-01 ]
