%YAML:1.0
---
hand_right_0: !!opencv-matrix
   rows: 2
   cols: 21
   dt: "3f"
   data: [ 3.60603729e+02, 4.94453430e+02, 1.71211231e-02,
       3.64098694e+02, 4.87647461e+02, 6.95018750e-03, 3.66489960e+02,
       4.84980255e+02, 1.83542445e-02, 3.66581940e+02, 4.86727722e+02,
       8.88788048e-03, 3.67133789e+02, 4.86911682e+02, 4.12209984e-03,
       3.64190643e+02, 4.89302948e+02, 2.21648756e-02, 3.64098694e+02,
       4.89027039e+02, 6.85827155e-03, 3.66306030e+02, 4.86267853e+02,
       5.19860629e-03, 3.61983307e+02, 4.89854797e+02, 3.57080670e-03,
       3.63822754e+02, 4.89302948e+02, 1.64008662e-02, 3.62075287e+02,
       4.89854797e+02, 4.45558038e-03, 3.63822754e+02, 4.89027039e+02,
       3.41694639e-03, 3.61983307e+02, 4.89578888e+02, 2.73648533e-03,
       3.63638824e+02, 4.89486908e+02, 1.90670714e-02, 3.62351196e+02,
       4.89394928e+02, 3.53244087e-03, 3.63546844e+02, 4.89119019e+02,
       3.94256739e-03, 3.61707397e+02, 4.89302948e+02, 1.83660374e-03,
       3.63822754e+02, 4.89578888e+02, 8.50250013e-03, 3.62995026e+02,
       4.92430023e+02, 4.18238714e-03, 3.62995026e+02, 4.92430023e+02,
       3.59237567e-03, 3.62995026e+02, 4.94269470e+02, 2.19256757e-03,
       1.83802414e+02, 4.63772461e+02, 2.65565477e-02, 2.03039505e+02,
       4.64857635e+02, 1.98469684e-02, 1.94950058e+02, 4.56472229e+02,
       3.86702493e-02, 1.94555450e+02, 4.56274933e+02, 2.60288138e-02,
       1.89918823e+02, 4.57064148e+02, 1.42566161e-02, 1.96528488e+02,
       4.68803711e+02, 1.46254646e-02, 1.96429840e+02, 4.71072693e+02,
       1.20618464e-02, 2.04716583e+02, 4.76893158e+02, 1.05488971e-02,
       2.08070755e+02, 4.77583710e+02, 1.56685319e-02, 1.96133881e+02,
       4.72453827e+02, 8.49928427e-03, 1.96331192e+02, 4.72059235e+02,
       1.10797873e-02, 1.94851410e+02, 4.73637665e+02, 8.73735547e-03,
       2.08070755e+02, 4.77583710e+02, 9.65416338e-03, 1.97317703e+02,
       4.76301239e+02, 6.18327921e-03, 1.97416351e+02, 4.76498566e+02,
       1.14098396e-02, 1.97909622e+02, 4.76597198e+02, 9.16343182e-03,
       2.08070755e+02, 4.77485077e+02, 8.75335373e-03, 1.98402878e+02,
       4.79260803e+02, 7.40601448e-03, 1.97219055e+02, 4.76597198e+02,
       7.16718147e-03, 2.04913895e+02, 4.77287781e+02, 1.60760935e-02,
       2.07972107e+02, 4.77485077e+02, 8.30496103e-03 ]
