%YAML:1.0
---
hand_right_0: !!opencv-matrix
   rows: 1
   cols: 21
   dt: "3f"
   data: [ 3.53765839e+02, 4.37198425e+02, 1.05796522e-02,
       3.52322296e+02, 4.35394012e+02, 1.80060267e-02, 3.52863617e+02,
       4.34176025e+02, 1.29347043e-02, 3.56562683e+02, 4.32822693e+02,
       1.13089681e-02, 3.58141571e+02, 4.36476685e+02, 6.95693772e-03,
       3.55480042e+02, 4.34040680e+02, 1.30230049e-02, 3.55795807e+02,
       4.34221130e+02, 1.46729387e-02, 3.55525146e+02, 4.34988007e+02,
       9.94061586e-03, 3.54803375e+02, 4.34491791e+02, 5.37474267e-03,
       3.54983826e+02, 4.34672241e+02, 2.94714961e-02, 3.55299591e+02,
       4.34446686e+02, 2.13047992e-02, 3.55164276e+02, 4.34582031e+02,
       1.02943294e-02, 3.54758270e+02, 4.34536926e+02, 3.70732369e-03,
       3.54713165e+02, 4.34942902e+02, 3.56796533e-02, 3.55119141e+02,
       4.34762451e+02, 2.05910653e-02, 3.54938721e+02, 4.34807587e+02,
       1.28946416e-02, 3.54713165e+02, 4.34627136e+02, 7.20686186e-03,
       3.53856049e+02, 4.36115784e+02, 1.74961332e-02, 3.55028931e+02,
       4.37063110e+02, 1.21696312e-02, 3.54577820e+02, 4.36025574e+02,
       1.01585425e-02, 3.54352264e+02, 4.37198425e+02, 7.97124207e-03 ]
