%YAML:1.0
---
face_0: !!opencv-matrix
   rows: 1
   cols: 70
   dt: "3f"
   data: [ 1.74162903e+02, 3.73987488e+02, 6.00908045e-03,
       1.74162903e+02, 3.73987488e+02, 3.39247286e-04, 1.88450943e+02,
       3.87368347e+02, 9.15539684e-04, 1.88450943e+02, 3.87368347e+02,
       1.57152303e-02, 2.19521744e+02, 3.83059265e+02, 2.70972424e-03,
       2.19521744e+02, 3.83059265e+02, 4.51120269e-03, 2.12037537e+02,
       3.73760681e+02, 4.74659633e-03, 2.12037537e+02, 3.73987488e+02,
       1.47594736e-04, 2.19521744e+02, 3.83059265e+02, 1.39880634e-04,
       2.19294952e+02, 3.66276489e+02, 9.51789407e-05, 2.19294952e+02,
       3.68998016e+02, 1.23828911e-04, 2.19294952e+02, 3.66276489e+02,
       1.52919340e-04, 1.97295914e+02, 3.92131012e+02, 4.46712860e-04,
       1.97295914e+02, 3.92131012e+02, 1.30600892e-02, 2.14078690e+02,
       3.75121460e+02, 3.50056868e-03, 1.59421280e+02, 4.10728149e+02,
       7.34050467e-04, 2.19294952e+02, 3.66276489e+02, 1.54495593e-02,
       2.12037537e+02, 3.69678406e+02, 2.42348555e-02, 2.12037537e+02,
       3.67637238e+02, 3.82647011e-03, 2.12264328e+02, 3.67183655e+02,
       2.05179953e-04, 2.19521744e+02, 3.83059265e+02, 1.11393128e-04,
       1.89811707e+02, 3.54029602e+02, 2.06610966e-05, 2.08408829e+02,
       3.66503265e+02, 4.71718330e-03, 1.90265289e+02, 3.54256378e+02,
       3.44036287e-03, 1.89811707e+02, 3.54029602e+02, 7.75129022e-03,
       1.88904526e+02, 3.53802795e+02, 2.19276510e-02, 1.94120804e+02,
       3.51988434e+02, 1.67096704e-02, 1.90265289e+02, 3.54256378e+02,
       5.71493802e-05, 1.89584915e+02, 3.54029602e+02, 9.73928691e-05,
       1.88450943e+02, 3.87368347e+02, 3.77334036e-05, 2.19294952e+02,
       3.66276489e+02, 6.84232800e-05, 2.19294952e+02, 3.66276489e+02,
       -2.32093998e-06, 1.88450943e+02, 3.87368347e+02, 1.63775141e-04,
       2.19294952e+02, 3.66276489e+02, 1.12448826e-04, 2.19521744e+02,
       3.83059265e+02, 5.49303913e-05, 1.88450943e+02, 3.87368347e+02,
       1.69017476e-05, 2.10449982e+02, 3.68771210e+02, 9.97299503e-05,
       1.89811707e+02, 3.54029602e+02, 6.92206595e-05, 1.90265289e+02,
       3.54256378e+02, -3.77669458e-05, 1.89811707e+02, 3.54029602e+02,
       2.32002567e-05, 1.89358124e+02, 3.53802795e+02, 4.47683760e-06,
       1.74162903e+02, 3.73987488e+02, 4.61566924e-05, 1.90265289e+02,
       3.54256378e+02, 4.03232298e-05, 1.90038498e+02, 3.54029602e+02,
       1.71598731e-04, 1.89811707e+02, 3.54029602e+02, 3.59169353e-04,
       1.93893997e+02, 3.57431519e+02, 8.44560098e-03, 1.93893997e+02,
       3.57431519e+02, 1.14342001e-04, 1.90265289e+02, 3.54256378e+02,
       5.53077916e-05, 1.88450943e+02, 3.87368347e+02, 1.15763331e-04,
       1.88450943e+02, 3.87368347e+02, 5.96177961e-05, 2.19294952e+02,
       3.66276489e+02, 5.25817159e-05, 2.19294952e+02, 3.68998016e+02,
       -4.88051519e-05, 2.19521744e+02, 3.83059265e+02, -8.28682823e-05,
       1.97295914e+02, 3.92131012e+02, 2.43267277e-05, 1.97295914e+02,
       3.92131012e+02, 1.90092919e-06, 2.19521744e+02, 3.83059265e+02,
       5.52438814e-06, 2.19294952e+02, 3.66276489e+02, 5.78978052e-06,
       2.19294952e+02, 3.66276489e+02, 1.50444939e-05, 2.19521744e+02,
       3.83059265e+02, 1.35434566e-05, 1.88450943e+02, 3.87368347e+02,
       3.59015467e-05, 2.19521744e+02, 3.83059265e+02, 1.89428429e-05,
       2.19521744e+02, 3.83059265e+02, -1.16931969e-05, 2.19521744e+02,
       3.83059265e+02, 2.06771801e-05, 2.19294952e+02, 3.66276489e+02,
       3.12513521e-06, 1.97295914e+02, 3.92131012e+02, 1.23131440e-05,
       1.88450943e+02, 3.87368347e+02, -3.59750920e-05, 2.19521744e+02,
       3.83059265e+02, 4.57884744e-05, 2.19294952e+02, 3.66276489e+02,
       2.52267728e-05, 2.10449982e+02, 3.68771210e+02, 1.91018597e-04,
       1.90265289e+02, 3.54256378e+02, 7.07960920e-04 ]
