%YAML:1.0
---
pose_0: !!opencv-matrix
   rows: 3
   cols: 25
   dt: "3f"
   data: [ 2.70682739e+02, 3.25295044e+02, 9.00152326e-01,
       2.90337830e+02, 3.57981445e+02, 8.59712005e-01, 2.62024628e+02,
       3.70930511e+02, 7.77676880e-01, 2.35876312e+02, 4.36301636e+02,
       7.59440124e-01, 2.88140564e+02, 4.42863525e+02, 9.29505169e-01,
       3.22972321e+02, 3.53547882e+02, 8.20390284e-01, 3.18639465e+02,
       3.23070496e+02, 3.57261449e-01, 2.86015381e+02, 3.03418243e+02,
       3.73542011e-01, 3.05630249e+02, 4.95213196e+02, 5.62360644e-01,
       2.81569885e+02, 4.97387817e+02, 5.48991680e-01, 2.85907135e+02,
       5.82330322e+02, 6.57075271e-02, 0., 0., 0., 3.36074371e+02,
       4.95126434e+02, 5.13454854e-01, 0., 0., 0., 0., 0., 0.,
       2.64130035e+02, 3.25196594e+02, 8.31137717e-01, 2.70773926e+02,
       3.18709564e+02, 9.02401149e-01, 2.53409241e+02, 3.38155334e+02,
       1.54627368e-01, 2.85966217e+02, 3.09918030e+02, 8.02848756e-01,
       0., 0., 0., 0., 0., 0., 0., 0., 0., 0., 0., 0., 0., 0., 0., 0.,
       0., 0., 3.77506042e+02, 3.31719757e+02, 8.54420304e-01,
       3.94927826e+02, 3.70960663e+02, 7.89139688e-01, 3.70991333e+02,
       3.73096283e+02, 7.78226018e-01, 3.57896851e+02, 4.18936218e+02,
       1.17658749e-01, 3.90603394e+02, 4.29896729e+02, 7.91845396e-02,
       4.25379028e+02, 3.70886810e+02, 7.81134129e-01, 4.25511230e+02,
       4.32030365e+02, 4.92408276e-01, 3.99290222e+02, 4.95078369e+02,
       5.60059488e-01, 4.03607056e+02, 4.90844727e+02, 3.39170605e-01,
       3.81852386e+02, 4.90806458e+02, 3.29915196e-01, 0., 0., 0., 0.,
       0., 0., 4.23254791e+02, 4.92975250e+02, 3.47652704e-01, 0., 0.,
       0., 0., 0., 0., 3.73193359e+02, 3.23051636e+02, 9.46221530e-01,
       3.90446899e+02, 3.22931152e+02, 9.33588684e-01, 3.71008423e+02,
       3.27426056e+02, 6.12948090e-02, 4.07973602e+02, 3.23041443e+02,
       7.68852651e-01, 0., 0., 0., 0., 0., 0., 0., 0., 0., 0., 0., 0.,
       0., 0., 0., 0., 0., 0., 2.20567413e+02, 3.38151154e+02,
       9.00891185e-01, 2.05314651e+02, 3.73158417e+02, 8.01250577e-01,
       1.85703064e+02, 3.73108795e+02, 7.83487678e-01, 0., 0., 0., 0.,
       0., 0., 2.29279785e+02, 3.73188873e+02, 7.38309145e-01, 0., 0.,
       0., 0., 0., 0., 2.11899048e+02, 4.86471832e+02, 4.79672819e-01,
       1.92241196e+02, 4.86477142e+02, 4.87153560e-01, 1.85714386e+02,
       5.80149841e+02, 1.04444921e-01, 0., 0., 0., 2.33591949e+02,
       4.84290924e+02, 4.57338154e-01, 2.29296738e+02, 5.82318848e+02,
       6.30145296e-02, 0., 0., 0., 2.16187073e+02, 3.25271301e+02,
       9.04298842e-01, 2.27130630e+02, 3.27375610e+02, 8.25729907e-01,
       1.98767487e+02, 3.31730103e+02, 7.58990705e-01, 0., 0., 0., 0.,
       0., 0., 0., 0., 0., 0., 0., 0., 0., 0., 0., 0., 0., 0., 0., 0.,
       0. ]
