%YAML:1.0
---
hand_left_0: !!opencv-matrix
   rows: 5
   cols: 21
   dt: "3f"
   data: [ 2.35730042e+02, 3.12194183e+02, 2.19473485e-02,
       2.35540665e+02, 3.13330475e+02, 1.72718465e-02, 2.37055710e+02,
       3.17023376e+02, 7.78730772e-03, 2.37339783e+02, 3.17023376e+02,
       5.89354523e-03, 2.34593765e+02, 3.13519836e+02, 3.94659350e-03,
       2.41979599e+02, 3.17212769e+02, 4.80560586e-03, 2.39138901e+02,
       3.17212769e+02, 5.63283032e-03, 2.37150406e+02, 3.17023376e+02,
       5.66447945e-03, 2.35824738e+02, 3.17970276e+02, 4.25429968e-03,
       2.42358353e+02, 3.17118073e+02, 4.65808110e-03, 2.38286682e+02,
       3.17496826e+02, 2.55503412e-03, 2.36108810e+02, 3.19390625e+02,
       4.60537337e-03, 2.36108810e+02, 3.19201263e+02, 3.80171649e-03,
       2.42358353e+02, 3.17118073e+02, 3.92154604e-03, 2.38381378e+02,
       3.18349030e+02, 3.43607576e-03, 2.38097305e+02, 3.19201263e+02,
       6.55659754e-03, 2.37529160e+02, 3.19485321e+02, 6.44027349e-03,
       2.37434479e+02, 3.17212769e+02, 3.91580351e-03, 2.37623856e+02,
       3.19580017e+02, 4.44736565e-03, 2.37623856e+02, 3.19580017e+02,
       6.00101659e-03, 2.37529160e+02, 3.19674713e+02, 5.57224173e-03,
       4.48401093e+02, 2.98613159e+02, 2.17877161e-02, 4.44453094e+02,
       2.99631989e+02, 1.14524951e-02, 4.39486267e+02, 2.99759338e+02,
       1.50301084e-02, 4.37193909e+02, 3.08292084e+02, 1.53182531e-02,
       4.41651306e+02, 3.04344116e+02, 1.13830892e-02, 4.37193909e+02,
       3.08419434e+02, 2.12040246e-02, 4.38467438e+02, 3.08164734e+02,
       2.18728036e-02, 4.39358917e+02, 3.07018555e+02, 1.15996059e-02,
       4.40377747e+02, 3.06763824e+02, 7.08532147e-03, 4.36811829e+02,
       3.08546814e+02, 9.39875841e-03, 4.37830658e+02, 3.09183563e+02,
       1.40210707e-02, 4.38467438e+02, 3.08164734e+02, 7.00037181e-03,
       4.46490784e+02, 3.08419434e+02, 4.12388518e-03, 4.36811829e+02,
       3.08546814e+02, 7.73795694e-03, 4.38722137e+02, 3.12622131e+02,
       7.87513983e-03, 4.43306915e+02, 3.08292084e+02, 7.55503727e-03,
       4.40250397e+02, 3.13768341e+02, 5.79590024e-03, 4.36429779e+02,
       3.08419434e+02, 5.86164650e-03, 4.36429779e+02, 3.08292084e+02,
       7.14677572e-03, 4.45344574e+02, 3.09056213e+02, 6.78654341e-03,
       4.45599274e+02, 3.09947693e+02, 5.82612213e-03, 3.79174774e+02,
       2.84905151e+02, 2.92141289e-02, 3.76027710e+02, 2.88377777e+02,
       1.90756805e-02, 3.84383698e+02, 2.77851410e+02, 1.00030415e-02,
       3.83515533e+02, 2.78176941e+02, 1.03646237e-02, 3.82864441e+02,
       2.78285461e+02, 9.70811117e-03, 3.81562195e+02, 2.90548157e+02,
       1.75894685e-02, 3.84492218e+02, 2.79153625e+02, 1.18170567e-02,
       3.83515533e+02, 2.80998444e+02, 1.17243798e-02, 3.82755920e+02,
       2.79045105e+02, 9.72230639e-03, 3.81887756e+02, 2.90222595e+02,
       1.02989785e-02, 3.83624054e+02, 2.80781433e+02, 1.27386460e-02,
       3.83190002e+02, 2.81106964e+02, 2.43573282e-02, 3.76895874e+02,
       2.82300690e+02, 1.31619861e-02, 3.82213318e+02, 2.85230713e+02,
       2.37560607e-02, 3.78632172e+02, 2.83277374e+02, 2.17577294e-02,
       3.77004395e+02, 2.82951813e+02, 2.74926946e-02, 3.76787354e+02,
       2.82734772e+02, 1.50840627e-02, 3.83732574e+02, 2.90222595e+02,
       1.99700054e-02, 3.81128113e+02, 2.90222595e+02, 1.07602105e-02,
       3.74942505e+02, 2.84688110e+02, 1.59993451e-02, 3.75159546e+02,
       2.84796631e+02, 1.19300708e-02, 5.53736755e+02, 3.07945160e+02,
       1.12203443e-02, 5.60961914e+02, 2.91419525e+02, 2.82872422e-03,
       5.60500732e+02, 2.91957581e+02, 7.29221571e-03, 5.60193237e+02,
       2.92034424e+02, 7.12487567e-03, 5.58732849e+02, 2.91726990e+02,
       2.66929693e-03, 5.60193237e+02, 2.91419525e+02, 6.50864840e-03,
       5.60270142e+02, 2.91496399e+02, 6.84017222e-03, 5.60423828e+02,
       2.91496399e+02, 5.61030116e-03, 5.57272461e+02, 2.91957581e+02,
       2.55650724e-03, 5.60270142e+02, 2.91342651e+02, 5.09807561e-03,
       5.60346985e+02, 2.92341888e+02, 3.40617727e-03, 5.60423828e+02,
       2.92111298e+02, 4.06228285e-03, 5.59347778e+02, 2.91419525e+02,
       9.38251789e-04, 5.60346985e+02, 2.91342651e+02, 5.21576125e-03,
       5.60423828e+02, 2.92495605e+02, 4.48832335e-03, 5.60500732e+02,
       2.92418762e+02, 4.90999222e-03, 5.56734436e+02, 2.91957581e+02,
       2.09876313e-03, 5.60577576e+02, 2.91419525e+02, 6.84329960e-03,
       5.61115601e+02, 2.92188171e+02, 6.21977914e-03, 5.60193237e+02,
       2.92265015e+02, 5.01336157e-03, 5.56580688e+02, 2.92034424e+02,
       3.26060806e-03, 3.00618042e+02, 3.01088257e+02, 1.81635208e-02,
       3.07806335e+02, 2.98674255e+02, 5.84847014e-03, 3.03139313e+02,
       3.09242126e+02, 4.98621818e-03, 3.07377167e+02, 2.99478912e+02,
       3.52123822e-03, 3.07269897e+02, 2.99532562e+02, 2.08150293e-03,
       3.07377167e+02, 2.99157074e+02, 8.47119559e-03, 3.07538116e+02,
       2.98727905e+02, 8.02671816e-03, 3.07216248e+02, 2.99478912e+02,
       5.14316885e-03, 3.08718292e+02, 2.99532562e+02, 3.73081909e-03,
       3.07806335e+02, 2.99478912e+02, 1.13800764e-02, 3.07484467e+02,
       2.99586212e+02, 1.13300895e-02, 3.08235474e+02, 2.99961731e+02,
       1.03265513e-02, 3.08718292e+02, 2.99586212e+02, 7.59117631e-03,
       3.07699036e+02, 2.99478912e+02, 1.13745797e-02, 3.07538116e+02,
       2.99532562e+02, 1.21615883e-02, 3.06948029e+02, 3.01624695e+02,
       7.25519191e-03, 3.06840729e+02, 3.01624695e+02, 6.94884127e-03,
       3.07377167e+02, 2.99586212e+02, 4.00556857e-03, 3.07001678e+02,
       3.01624695e+02, 6.89966464e-03, 3.06894379e+02, 3.01624695e+02,
       1.13827921e-02, 3.06840729e+02, 3.01624695e+02, 8.63652304e-03 ]
