%YAML:1.0
---
face_0: !!opencv-matrix
   rows: 2
   cols: 70
   dt: "3f"
   data: [ 3.84999298e+02, 3.49466461e+02, 1.08225003e-01,
       3.81583679e+02, 3.55842255e+02, 4.66397852e-02, 3.82722229e+02,
       3.62445801e+02, 5.97205646e-02, 3.86593262e+02, 3.69504730e+02,
       1.72779456e-01, 3.93424500e+02, 3.69732452e+02, 2.54367590e-01,
       3.98889465e+02, 3.69960144e+02, 3.91848892e-01, 4.03215912e+02,
       3.71554108e+02, 5.60909271e-01, 4.08225494e+02, 3.72692627e+02,
       5.14531910e-01, 4.12096527e+02, 3.72692627e+02, 6.09549999e-01,
       4.17789215e+02, 3.70643280e+02, 5.17074287e-01, 4.24848175e+02,
       3.66544525e+02, 4.68845397e-01, 4.30540863e+02, 3.61307251e+02,
       5.20303607e-01, 4.33956482e+02, 3.55159149e+02, 5.64221382e-01,
       4.34639587e+02, 3.47872498e+02, 5.49242198e-01, 4.32362518e+02,
       3.41041260e+02, 5.24315774e-01, 4.29630035e+02, 3.34665436e+02,
       3.87046933e-01, 4.25075867e+02, 3.28972748e+02, 3.14728945e-01,
       3.83177643e+02, 3.43773773e+02, 4.06490475e-01, 3.84771606e+02,
       3.40813568e+02, 4.39972281e-01, 3.86365540e+02, 3.40130432e+02,
       4.71767783e-01, 3.90236572e+02, 3.40130432e+02, 4.78489697e-01,
       3.92969086e+02, 3.39902740e+02, 5.58049977e-01, 3.99572601e+02,
       3.36714813e+02, 7.10763276e-01, 4.02305084e+02, 3.33071503e+02,
       6.73506439e-01, 4.05265289e+02, 3.29655884e+02, 6.88618958e-01,
       4.08680908e+02, 3.27834229e+02, 5.63901067e-01, 4.11868805e+02,
       3.27378815e+02, 3.87283981e-01, 3.97523224e+02, 3.42407501e+02,
       8.77925158e-01, 3.98434052e+02, 3.45367706e+02, 8.43322754e-01,
       3.99344879e+02, 3.47872498e+02, 9.91201162e-01, 3.99344879e+02,
       3.50832703e+02, 8.33788574e-01, 3.99344879e+02, 3.55159149e+02,
       6.62525952e-01, 4.01166565e+02, 3.54931427e+02, 7.66187906e-01,
       4.02988220e+02, 3.54703735e+02, 8.64197135e-01, 4.04809875e+02,
       3.53337494e+02, 8.25566649e-01, 4.06859253e+02, 3.52198944e+02,
       6.79117680e-01, 3.88414917e+02, 3.49011047e+02, 5.68429053e-01,
       3.90008881e+02, 3.47644775e+02, 6.67413652e-01, 3.92058258e+02,
       3.46050842e+02, 8.16406727e-01, 3.94107605e+02, 3.45823120e+02,
       7.89077640e-01, 3.92513672e+02, 3.47644775e+02, 7.96515465e-01,
       3.90464294e+02, 3.48783325e+02, 7.31186271e-01, 4.06403839e+02,
       3.40130432e+02, 7.11103737e-01, 4.08908630e+02, 3.38764191e+02,
       7.33185410e-01, 4.11641113e+02, 3.37625641e+02, 7.25777626e-01,
       4.13918182e+02, 3.36714813e+02, 8.04411411e-01, 4.12096527e+02,
       3.38536469e+02, 7.41235852e-01, 4.09136322e+02, 3.39675018e+02,
       7.06564546e-01, 4.01621979e+02, 3.63584320e+02, 4.55801904e-01,
       4.01849670e+02, 3.59713287e+02, 6.47685945e-01, 4.02988220e+02,
       3.57436218e+02, 7.61264384e-01, 4.04809875e+02, 3.57208527e+02,
       7.46590912e-01, 4.06403839e+02, 3.56753113e+02, 7.58553863e-01,
       4.09364044e+02, 3.56753113e+02, 8.49660754e-01, 4.12779663e+02,
       3.58119354e+02, 7.33003855e-01, 4.10957977e+02, 3.60396423e+02,
       7.95193553e-01, 4.08908630e+02, 3.62218079e+02, 8.00651670e-01,
       4.07314667e+02, 3.62673492e+02, 7.23342776e-01, 4.06176117e+02,
       3.63356628e+02, 7.20014870e-01, 4.03899048e+02, 3.63356628e+02,
       6.27653360e-01, 4.02532806e+02, 3.62218079e+02, 5.24078906e-01,
       4.04809875e+02, 3.60396423e+02, 7.18389630e-01, 4.05948425e+02,
       3.59713287e+02, 7.26669788e-01, 4.07542358e+02, 3.58802460e+02,
       8.01403821e-01, 4.11413391e+02, 3.58347046e+02, 7.73092628e-01,
       4.07770081e+02, 3.58802460e+02, 7.79121220e-01, 4.06176117e+02,
       3.60168701e+02, 7.59837747e-01, 4.04809875e+02, 3.60396423e+02,
       7.43696451e-01, 3.91375122e+02, 3.47417084e+02, 6.56637073e-01,
       4.10502563e+02, 3.38536469e+02, 7.15193450e-01, 1.33472290e+02,
       3.72726318e+02, 1.29948542e-01, 1.37193634e+02, 3.75207214e+02,
       1.95126310e-01, 1.42899673e+02, 3.78432343e+02, 2.06851467e-01,
       1.48605728e+02, 3.82153687e+02, 3.86711359e-01, 1.52078964e+02,
       3.85626953e+02, 4.97442693e-01, 1.55552216e+02, 3.89596375e+02,
       4.78862792e-01, 1.60265900e+02, 3.92573425e+02, 5.40461183e-01,
       1.63987244e+02, 3.95550507e+02, 5.76006889e-01, 1.68452850e+02,
       3.96294769e+02, 6.41264379e-01, 1.74903152e+02, 3.93813873e+02,
       5.04209101e-01, 1.81849655e+02, 3.88355927e+02, 5.85978091e-01,
       1.86811432e+02, 3.82401794e+02, 5.56662679e-01, 1.89292313e+02,
       3.74959106e+02, 4.50552404e-01, 1.90036591e+02, 3.68260712e+02,
       4.59801555e-01, 1.87803787e+02, 3.62058472e+02, 3.91742587e-01,
       1.84578629e+02, 3.55608154e+02, 2.60012805e-01, 1.80857300e+02,
       3.50398285e+02, 1.90886185e-01, 1.33720383e+02, 3.61314209e+02,
       2.48629659e-01, 1.34712738e+02, 3.60073761e+02, 2.85654396e-01,
       1.37441711e+02, 3.58089050e+02, 3.98813248e-01, 1.41163055e+02,
       3.58089050e+02, 4.70260948e-01, 1.45628662e+02, 3.59081421e+02,
       4.65735495e-01, 1.53567505e+02, 3.58585236e+02, 8.18507195e-01,
       1.57040756e+02, 3.54863892e+02, 8.32780004e-01, 1.61010178e+02,
       3.52383026e+02, 8.26853096e-01, 1.65971954e+02, 3.50646393e+02,
       6.72856033e-01, 1.69941376e+02, 3.50398285e+02, 5.13130784e-01,
       1.51086609e+02, 3.63050842e+02, 8.53892326e-01, 1.51334702e+02,
       3.68260712e+02, 8.88396561e-01, 1.52078964e+02, 3.72726318e+02,
       8.19168866e-01, 1.52327057e+02, 3.78184265e+02, 7.38039613e-01,
       1.52078964e+02, 3.80417084e+02, 6.53112054e-01, 1.53567505e+02,
       3.80665161e+02, 7.23558664e-01, 1.55800308e+02, 3.80417084e+02,
       8.25775087e-01, 1.58281189e+02, 3.79176636e+02, 8.35257292e-01,
       1.60513992e+02, 3.78184265e+02, 8.35190356e-01, 1.38930252e+02,
       3.66772186e+02, 6.08612895e-01, 1.39674515e+02, 3.66276001e+02,
       5.35715997e-01, 1.41907318e+02, 3.65531738e+02, 5.12594342e-01,
       1.44884384e+02, 3.64787476e+02, 4.84589607e-01, 1.41907318e+02,
       3.66027893e+02, 5.83735526e-01, 1.40418793e+02, 3.66772186e+02,
       6.19122803e-01, 1.58529282e+02, 3.62306580e+02, 8.34353447e-01,
       1.61010178e+02, 3.61562317e+02, 7.35659480e-01, 1.64483414e+02,
       3.60073761e+02, 6.16777658e-01, 1.68452850e+02, 3.58089050e+02,
       5.72902441e-01, 1.64979599e+02, 3.61066132e+02, 6.17788911e-01,
       1.61506348e+02, 3.62306580e+02, 7.30507076e-01, 1.55056030e+02,
       3.86123108e+02, 6.84973598e-01, 1.55056030e+02, 3.85378845e+02,
       8.07248414e-01, 1.56792664e+02, 3.84386505e+02, 8.58332932e-01,
       1.58777374e+02, 3.84386505e+02, 8.60242903e-01, 1.60762085e+02,
       3.83394135e+02, 7.96064854e-01, 1.64731506e+02, 3.82401794e+02,
       9.04044628e-01, 1.68700928e+02, 3.82153687e+02, 8.32411647e-01,
       1.66468124e+02, 3.86123108e+02, 8.62718821e-01, 1.63491058e+02,
       3.88107819e+02, 8.33213806e-01, 1.61010178e+02, 3.89596375e+02,
       7.78434157e-01, 1.59025467e+02, 3.89844452e+02, 7.65964746e-01,
       1.57040756e+02, 3.88355927e+02, 8.12670112e-01, 1.55800308e+02,
       3.86123108e+02, 7.73594916e-01, 1.57785019e+02, 3.86371216e+02,
       7.93206453e-01, 1.59273544e+02, 3.86371216e+02, 8.56001914e-01,
       1.62250610e+02, 3.85378845e+02, 8.13303053e-01, 1.66964310e+02,
       3.82649872e+02, 8.51066887e-01, 1.62498703e+02, 3.85626953e+02,
       8.24135602e-01, 1.59521637e+02, 3.86371216e+02, 8.37299049e-01,
       1.58281189e+02, 3.86371216e+02, 8.05968225e-01, 1.40914963e+02,
       3.66276001e+02, 5.16868234e-01, 1.62994888e+02, 3.61314209e+02,
       5.72115779e-01 ]
