%YAML:1.0
---
face_0: !!opencv-matrix
   rows: 1
   cols: 70
   dt: "3f"
   data: [ 1.95659714e+02, 3.23412537e+02, 6.94672823e-01,
       1.99927811e+02, 3.35607117e+02, 6.72803044e-01, 2.04805634e+02,
       3.46582214e+02, 7.62982249e-01, 2.10293198e+02, 3.56337860e+02,
       7.39490867e-01, 2.20048843e+02, 3.66093506e+02, 7.33949006e-01,
       2.29194763e+02, 3.74629700e+02, 6.93248153e-01, 2.38950409e+02,
       3.80726990e+02, 6.98751092e-01, 2.48706055e+02, 3.90482635e+02,
       6.70426369e-01, 2.59071442e+02, 3.93531281e+02, 7.08908200e-01,
       2.73095184e+02, 3.88043701e+02, 6.36737823e-01, 2.87728638e+02,
       3.75849152e+02, 6.59563661e-01, 2.98703735e+02, 3.63044861e+02,
       6.07146025e-01, 3.10288574e+02, 3.50850311e+02, 5.55791795e-01,
       3.16995575e+02, 3.33168182e+02, 5.89429796e-01, 3.18824768e+02,
       3.14266632e+02, 4.77823585e-01, 3.16995575e+02, 2.94755341e+02,
       4.70345706e-01, 3.11508026e+02, 2.74634308e+02, 4.28679496e-01,
       1.80416519e+02, 3.02072083e+02, 7.31243312e-01, 1.84074890e+02,
       2.97803986e+02, 8.44733775e-01, 1.90172165e+02, 2.95974792e+02,
       8.61981153e-01, 1.98708359e+02, 2.96584503e+02, 8.32780778e-01,
       2.05415359e+02, 2.97803986e+02, 8.99014235e-01, 2.22487747e+02,
       2.88658051e+02, 7.55746782e-01, 2.29194763e+02, 2.79512146e+02,
       8.21079433e-01, 2.38950409e+02, 2.74024567e+02, 8.30757797e-01,
       2.48706055e+02, 2.71585663e+02, 7.34400690e-01, 2.58461700e+02,
       2.72195404e+02, 6.41539752e-01, 2.18829376e+02, 3.10608246e+02,
       7.51367509e-01, 2.19439117e+02, 3.22802826e+02, 8.08279157e-01,
       2.20048843e+02, 3.35607117e+02, 7.69549012e-01, 2.21878021e+02,
       3.47191925e+02, 7.70801663e-01, 2.21268295e+02, 3.52069763e+02,
       8.28769445e-01, 2.25536392e+02, 3.53289215e+02, 8.43384683e-01,
       2.29804489e+02, 3.52679504e+02, 9.54187870e-01, 2.34682312e+02,
       3.49630859e+02, 9.13056731e-01, 2.38950409e+02, 3.45972473e+02,
       8.83422315e-01, 1.99927811e+02, 3.19144440e+02, 8.60814333e-01,
       2.01147278e+02, 3.16705536e+02, 8.27109694e-01, 2.07854279e+02,
       3.13656891e+02, 8.42840910e-01, 2.14561279e+02, 3.14876343e+02,
       8.55219841e-01, 2.09683456e+02, 3.17924988e+02, 8.75996351e-01,
       2.04195908e+02, 3.21583374e+02, 8.17239285e-01, 2.38950409e+02,
       3.03901245e+02, 8.75359774e-01, 2.43828232e+02, 2.98413696e+02,
       8.94696951e-01, 2.49925507e+02, 2.97194244e+02, 8.37639451e-01,
       2.58461700e+02, 2.96584503e+02, 8.33143234e-01, 2.53583878e+02,
       3.02072083e+02, 8.59683096e-01, 2.45047684e+02, 3.03901245e+02,
       8.45210612e-01, 2.29194763e+02, 3.67312958e+02, 5.62932432e-01,
       2.29804489e+02, 3.65483765e+02, 7.29969978e-01, 2.33462860e+02,
       3.62435150e+02, 8.22946608e-01, 2.37121216e+02, 3.62435150e+02,
       8.42998385e-01, 2.40169861e+02, 3.59996216e+02, 8.42239499e-01,
       2.49315781e+02, 3.56947601e+02, 9.57426786e-01, 2.59681152e+02,
       3.55728119e+02, 8.65626395e-01, 2.53583878e+02, 3.64264313e+02,
       8.25503528e-01, 2.46876862e+02, 3.68532410e+02, 7.50233889e-01,
       2.41999039e+02, 3.71581055e+02, 7.61769950e-01, 2.38340683e+02,
       3.71581055e+02, 8.06344509e-01, 2.34072586e+02, 3.70971344e+02,
       7.31505156e-01, 2.31023941e+02, 3.66703247e+02, 6.57714546e-01,
       2.34682312e+02, 3.66093506e+02, 8.22959423e-01, 2.38950409e+02,
       3.66093506e+02, 9.06104684e-01, 2.43828232e+02, 3.63044861e+02,
       9.15517271e-01, 2.57242249e+02, 3.56947601e+02, 9.14676547e-01,
       2.43828232e+02, 3.64264313e+02, 8.74908209e-01, 2.39560135e+02,
       3.66093506e+02, 9.20090079e-01, 2.35292038e+02, 3.66703247e+02,
       7.91143477e-01, 2.06634827e+02, 3.16705536e+02, 8.17824602e-01,
       2.48706055e+02, 2.99023438e+02, 8.20851803e-01 ]
