%YAML:1.0
---
hand_left_0: !!opencv-matrix
   rows: 5
   cols: 21
   dt: "3f"
   data: [ 1.97791855e+02, 3.95215057e+02, 1.50499893e-02,
       2.16368744e+02, 3.96557983e+02, 1.71959959e-02, 2.15025833e+02,
       3.96334167e+02, 4.16821986e-02, 2.11668564e+02, 3.97900879e+02,
       5.38909100e-02, 2.10549469e+02, 3.99467621e+02, 2.72204280e-02,
       2.11668564e+02, 3.95886536e+02, 2.90397629e-02, 2.13682922e+02,
       3.96110352e+02, 2.29767077e-02, 2.13235291e+02, 3.97453247e+02,
       1.61510799e-02, 2.12116196e+02, 4.00362885e+02, 9.81288590e-03,
       2.10997116e+02, 3.96557983e+02, 1.28209544e-02, 2.13011475e+02,
       3.97005615e+02, 1.45017663e-02, 2.12787659e+02, 3.97677063e+02,
       1.21380147e-02, 2.14130554e+02, 3.97005615e+02, 7.34513113e-03,
       2.11444748e+02, 3.96781799e+02, 1.04026888e-02, 2.12340012e+02,
       3.97005615e+02, 8.18052515e-03, 2.12787659e+02, 3.97677063e+02,
       1.01136090e-02, 2.13906738e+02, 3.97229431e+02, 6.12977659e-03,
       2.12340012e+02, 3.97229431e+02, 1.13804964e-02, 2.15249649e+02,
       3.97677063e+02, 1.05618043e-02, 2.13235291e+02, 3.97677063e+02,
       8.94176494e-03, 2.15025833e+02, 3.97677063e+02, 5.43211866e-03,
       3.31823456e+02, 4.01424561e+02, 4.10732850e-02, 3.26954742e+02,
       4.01110443e+02, 2.57144086e-02, 3.25384186e+02, 4.02052795e+02,
       2.58363672e-02, 3.31352295e+02, 4.05036835e+02, 5.06425872e-02,
       3.33079895e+02, 4.11004944e+02, 2.32712124e-02, 3.22243073e+02,
       4.00168121e+02, 1.62255950e-02, 3.25227112e+02, 4.01267517e+02,
       9.26989503e-03, 3.32294617e+02, 4.08806183e+02, 1.41589530e-02,
       3.33236969e+02, 4.11633179e+02, 1.69591177e-02, 3.22871277e+02,
       4.01110443e+02, 9.14046913e-03, 3.25855347e+02, 4.01267517e+02,
       6.43369323e-03, 3.26954742e+02, 4.10062622e+02, 9.31944139e-03,
       3.32765778e+02, 4.11476105e+02, 1.34383189e-02, 3.23499512e+02,
       4.00953400e+02, 1.18538048e-02, 3.25698303e+02, 4.09905548e+02,
       7.44274724e-03, 3.33236969e+02, 4.11162018e+02, 9.67324525e-03,
       3.33394012e+02, 4.11319061e+02, 1.47387888e-02, 3.24284790e+02,
       4.00325165e+02, 1.68881528e-02, 3.30881134e+02, 4.05036835e+02,
       1.34168789e-02, 3.32137573e+02, 4.06764465e+02, 2.55275369e-02,
       3.33394012e+02, 4.08177948e+02, 1.32256579e-02, 0., 0., 0., 0.,
       0., 0., 0., 0., 0., 0., 0., 0., 0., 0., 0., 0., 0., 0., 0., 0.,
       0., 0., 0., 0., 0., 0., 0., 0., 0., 0., 0., 0., 0., 0., 0., 0.,
       0., 0., 0., 0., 0., 0., 0., 0., 0., 0., 0., 0., 0., 0., 0., 0.,
       0., 0., 0., 0., 0., 0., 0., 0., 0., 0., 0., 4.07773560e+02,
       4.24135345e+02, 2.48388555e-02, 4.04201233e+02, 4.33363861e+02,
       2.95198932e-02, 4.02117371e+02, 4.33661560e+02, 3.42448056e-02,
       4.20872070e+02, 4.49737030e+02, 1.85125545e-02, 4.15811279e+02,
       4.33661560e+02, 1.19735673e-02, 4.17895142e+02, 4.36340790e+02,
       1.82017665e-02, 4.18788239e+02, 4.39317719e+02, 1.27549740e-02,
       4.18490540e+02, 4.36638489e+02, 1.07212942e-02, 4.17597443e+02,
       4.33661560e+02, 8.86732433e-03, 4.17895142e+02, 4.37829254e+02,
       9.90142114e-03, 4.18788239e+02, 4.39913116e+02, 9.44807939e-03,
       4.18490540e+02, 4.36638489e+02, 7.84076285e-03, 4.17895142e+02,
       4.33066162e+02, 6.54345006e-03, 4.16108978e+02, 4.46462372e+02,
       8.84189736e-03, 4.16406677e+02, 4.37531555e+02, 7.61379069e-03,
       4.17002075e+02, 4.35745392e+02, 1.06588555e-02, 4.16108978e+02,
       4.33661560e+02, 8.87983199e-03, 4.06880463e+02, 4.47057770e+02,
       2.02739388e-02, 4.12834351e+02, 4.46164703e+02, 1.67715065e-02,
       4.16406677e+02, 4.35447723e+02, 1.51920272e-02, 4.16108978e+02,
       4.35150024e+02, 1.11181904e-02, 0., 0., 0., 0., 0., 0., 0., 0.,
       0., 0., 0., 0., 0., 0., 0., 0., 0., 0., 0., 0., 0., 0., 0., 0.,
       0., 0., 0., 0., 0., 0., 0., 0., 0., 0., 0., 0., 0., 0., 0., 0.,
       0., 0., 0., 0., 0., 0., 0., 0., 0., 0., 0., 0., 0., 0., 0., 0.,
       0., 0., 0., 0., 0., 0., 0. ]
