%YAML:1.0
---
pose_0: !!opencv-matrix
   rows: 2
   cols: 25
   dt: "3f"
   data: [ 2.61972961e+02, 2.37794662e+02, 8.89655650e-01,
       2.37741562e+02, 2.63545441e+02, 9.09398437e-01, 2.24777130e+02,
       2.61975769e+02, 8.69900823e-01, 2.39426880e+02, 3.02368713e+02,
       9.31627274e-01, 2.76438080e+02, 2.81349213e+02, 8.53285849e-01,
       2.50684799e+02, 2.63639832e+02, 8.80944490e-01, 2.70039886e+02,
       3.11989807e+02, 6.36810839e-01, 2.79774597e+02, 2.87809753e+02,
       5.06414711e-01, 2.21611237e+02, 3.29789703e+02, 6.68628216e-01,
       2.05508026e+02, 3.31385254e+02, 6.09631956e-01, 2.63589691e+02,
       3.55640259e+02, 5.44185281e-01, 2.52305588e+02, 4.16904114e+02,
       4.75314140e-01, 2.36141876e+02, 3.28195648e+02, 6.72658980e-01,
       2.78086945e+02, 3.53981140e+02, 8.01519036e-01, 2.66827576e+02,
       4.08877594e+02, 7.08986044e-01, 2.57153595e+02, 2.28155243e+02,
       8.27172160e-01, 2.65174683e+02, 2.34552643e+02, 6.79971874e-01,
       2.42602554e+02, 2.26501022e+02, 8.34873796e-01, 0., 0., 0.,
       2.91006287e+02, 4.16943939e+02, 7.27801323e-01, 2.89374390e+02,
       4.12097076e+02, 6.48030341e-01, 2.62009430e+02, 4.18514801e+02,
       3.83884251e-01, 2.79759094e+02, 4.20169983e+02, 3.56929898e-01,
       2.73296936e+02, 4.23423126e+02, 3.02841693e-01, 2.45867081e+02,
       4.23394348e+02, 3.52143645e-01, 5.59011108e+02, 2.24852005e+02,
       9.31075454e-01, 5.86352600e+02, 2.39424011e+02, 8.68116140e-01,
       5.63890808e+02, 2.45842438e+02, 7.38209486e-01, 5.62241821e+02,
       2.76458282e+02, 6.55726135e-01, 5.81611816e+02, 2.78116028e+02,
       5.98500788e-01, 6.01035461e+02, 2.37764404e+02, 8.49979341e-01,
       6.12209839e+02, 2.78098236e+02, 6.14627004e-01, 5.79977478e+02,
       2.78178711e+02, 4.24420923e-01, 5.99307434e+02, 3.15294800e+02,
       5.99164844e-01, 5.84832275e+02, 3.16863281e+02, 5.51966131e-01,
       5.86419495e+02, 3.66905853e+02, 3.93949986e-01, 5.84810303e+02,
       4.15338593e+02, 3.64174515e-01, 6.12288940e+02, 3.15220367e+02,
       5.96855342e-01, 6.17089294e+02, 3.66919800e+02, 4.10391778e-01,
       6.23556946e+02, 4.26626740e+02, 3.79635036e-01, 5.50905579e+02,
       2.23192963e+02, 8.60042274e-01, 5.60681030e+02, 2.13611023e+02,
       9.43026781e-01, 0., 0., 0., 5.78358887e+02, 2.05513702e+02,
       7.97872484e-01, 6.12227661e+02, 4.39519806e+02, 3.11025113e-01,
       6.21926392e+02, 4.39545959e+02, 3.10040534e-01, 6.25166382e+02,
       4.33063293e+02, 2.75768638e-01, 5.84820435e+02, 4.20236725e+02,
       2.61570245e-01, 5.76755371e+02, 4.18584015e+02, 2.89803207e-01,
       5.86418274e+02, 4.18565094e+02, 3.11713547e-01 ]
