%YAML:1.0
---
hand_left_0: !!opencv-matrix
   rows: 5
   cols: 21
   dt: "3f"
   data: [ 1.80229309e+02, 2.07227844e+02, 2.39953268e-02,
       1.94045944e+02, 2.20795517e+02, 3.68899517e-02, 1.88320129e+02,
       2.16314438e+02, 3.35265994e-02, 1.86701965e+02, 2.12953644e+02,
       4.30303775e-02, 1.84212494e+02, 2.09841797e+02, 2.04423182e-02,
       2.08235977e+02, 2.20919983e+02, 4.29466255e-02, 2.08235977e+02,
       2.20671036e+02, 1.32497605e-02, 1.93796997e+02, 2.22787094e+02,
       1.97227430e-02, 2.04003860e+02, 2.37972931e+02, 9.16578993e-03,
       2.09107300e+02, 2.21417877e+02, 8.66218656e-03, 2.08858353e+02,
       2.25649994e+02, 8.88003409e-03, 2.01389908e+02, 2.31375809e+02,
       1.06163062e-02, 2.00518585e+02, 2.30131073e+02, 7.62458984e-03,
       2.08235977e+02, 2.20546570e+02, 8.28538649e-03, 2.08609406e+02,
       2.26396851e+02, 7.35986512e-03, 2.00394119e+02, 2.29633179e+02,
       8.19966756e-03, 2.00518585e+02, 2.30255539e+02, 6.69567008e-03,
       2.08111511e+02, 2.20173141e+02, 8.59703869e-03, 2.00394119e+02,
       2.29508698e+02, 9.66554973e-03, 2.00269638e+02, 2.29508698e+02,
       8.41795560e-03, 2.00518585e+02, 2.29757645e+02, 5.97598217e-03,
       4.31295746e+02, 1.70133057e+02, 1.86523367e-02, 4.28650909e+02,
       1.65394379e+02, 3.68843158e-03, 4.22038757e+02, 1.62749527e+02,
       5.21379709e-03, 4.22038757e+02, 1.62859726e+02, 4.69462248e-03,
       4.26446869e+02, 1.65724976e+02, 1.77470734e-03, 4.30854950e+02,
       1.62969925e+02, 3.73697327e-03, 4.26226440e+02, 1.65945389e+02,
       5.20801963e-03, 4.26336639e+02, 1.65945389e+02, 5.39072836e-03,
       4.26446869e+02, 1.65614777e+02, 2.80130259e-03, 4.30854950e+02,
       1.62969925e+02, 3.60572594e-03, 4.26557068e+02, 1.66386200e+02,
       2.23695301e-03, 4.26557068e+02, 1.66386200e+02, 3.72712035e-03,
       4.30744751e+02, 1.62639328e+02, 4.51202504e-04, 4.30854950e+02,
       1.62859726e+02, 2.95543391e-03, 4.26557068e+02, 1.66496399e+02,
       3.13277962e-03, 4.26557068e+02, 1.66386200e+02, 5.36176935e-03,
       4.26557068e+02, 1.65945389e+02, 3.62589373e-03, 4.26997864e+02,
       1.61978104e+02, 3.58486222e-03, 4.30854950e+02, 1.62198517e+02,
       6.58095675e-03, 4.26557068e+02, 1.66165787e+02, 6.14440721e-03,
       4.26557068e+02, 1.65724976e+02, 4.84024314e-03, 4.84747498e+02,
       3.28799255e+02, 1.08366445e-01, 4.82614136e+02, 3.29431366e+02,
       2.85152122e-02, 4.82061035e+02, 3.29905426e+02, 2.95337439e-02,
       4.83009186e+02, 3.31959808e+02, 1.64656714e-02, 4.83325256e+02,
       3.32986969e+02, 1.05247712e-02, 4.82535126e+02, 3.29905426e+02,
       2.74552722e-02, 4.83878357e+02, 3.29273346e+02, 1.18690291e-02,
       4.83009186e+02, 3.29273346e+02, 7.49790389e-03, 4.84194397e+02,
       3.33540070e+02, 6.66236272e-03, 4.83641296e+02, 3.30616577e+02,
       1.30250445e-02, 4.84273407e+02, 3.29352356e+02, 1.25497142e-02,
       4.84668488e+02, 3.31248657e+02, 6.58063032e-03, 4.84510468e+02,
       3.33619080e+02, 4.94432077e-03, 4.83720337e+02, 3.30695587e+02,
       1.34030767e-02, 4.84984528e+02, 3.30695587e+02, 1.10213710e-02,
       4.84352417e+02, 3.31564728e+02, 9.06160008e-03, 4.84352417e+02,
       3.33144989e+02, 6.33970927e-03, 4.81824005e+02, 3.28878265e+02,
       2.16461513e-02, 4.83799347e+02, 3.31722748e+02, 8.68560094e-03,
       4.83957367e+02, 3.32038818e+02, 8.49568471e-03, 4.84115387e+02,
       3.32749939e+02, 6.46740431e-03, 6.16369385e+02, 2.52601990e+02,
       4.51966524e-02, 6.14993347e+02, 2.50079285e+02, 1.47064760e-01,
       6.14190674e+02, 2.47327255e+02, 4.79641169e-01, 6.09718628e+02,
       2.44116531e+02, 4.32862908e-01, 6.07195923e+02, 2.43657867e+02,
       3.38533163e-01, 6.10979980e+02, 2.53863342e+02, 3.69305015e-01,
       6.04787903e+02, 2.52143311e+02, 5.05700409e-01, 6.01577209e+02,
       2.49047272e+02, 2.41165847e-01, 6.00315857e+02, 2.47556580e+02,
       3.96059662e-01, 6.10521301e+02, 2.53634003e+02, 1.59680411e-01,
       6.03985229e+02, 2.49620621e+02, 1.18134417e-01, 6.04443909e+02,
       2.46983246e+02, 1.16818868e-01, 6.06278564e+02, 2.45263214e+02,
       9.66539159e-02, 6.10521301e+02, 2.52601990e+02, 8.72814357e-02,
       6.04214539e+02, 2.49505951e+02, 7.21269697e-02, 6.05361267e+02,
       2.46409897e+02, 7.52073377e-02, 6.07081238e+02, 2.45033890e+02,
       7.40570053e-02, 6.08915955e+02, 2.52372650e+02, 3.25723924e-02,
       6.04673218e+02, 2.48473938e+02, 6.33589104e-02, 6.04329224e+02,
       2.47556580e+02, 4.88415323e-02, 6.08342590e+02, 2.45492554e+02,
       6.57338649e-02, 5.13897705e+02, 3.11580353e+02, 2.79323757e-02,
       5.18018799e+02, 3.15976196e+02, 1.63273104e-02, 5.17606689e+02,
       3.17899353e+02, 3.58599089e-02, 5.14309814e+02, 3.22432556e+02,
       1.63335707e-02, 5.15408752e+02, 3.22569946e+02, 1.00053046e-02,
       5.15408752e+02, 3.17349884e+02, 1.78152379e-02, 5.18018799e+02,
       3.16663025e+02, 1.02758398e-02, 5.17881409e+02, 3.16113556e+02,
       8.56418349e-03, 5.19941956e+02, 3.10756134e+02, 6.55499194e-03,
       5.11425018e+02, 3.16937775e+02, 8.60064570e-03, 5.15408752e+02,
       3.12541931e+02, 5.10030892e-03, 5.15546143e+02, 3.12267181e+02,
       5.62361861e-03, 5.19529846e+02, 3.10618744e+02, 4.48963791e-03,
       5.12936096e+02, 3.16937775e+02, 8.44007917e-03, 5.15408752e+02,
       3.12679291e+02, 4.89916513e-03, 5.10600800e+02, 3.23943634e+02,
       6.57340232e-03, 5.09776581e+02, 3.25179962e+02, 4.91264556e-03,
       5.13348206e+02, 3.16525665e+02, 9.84600931e-03, 5.18843018e+02,
       3.16525665e+02, 1.15507636e-02, 5.18843018e+02, 3.17349884e+02,
       6.95855170e-03, 5.09639221e+02, 3.26416290e+02, 5.55963861e-03 ]
