%YAML:1.0
---
hand_right_0: !!opencv-matrix
   rows: 3
   cols: 21
   dt: "3f"
   data: [ 2.89521973e+02, 2.09961121e+02, 4.04210612e-02,
       2.83623413e+02, 1.98857941e+02, 2.60099582e-02, 2.83970398e+02,
       1.71100006e+02, 1.44817745e-02, 2.78071808e+02, 1.89142670e+02,
       1.26205115e-02, 2.65927734e+02, 1.69365128e+02, 6.09765295e-03,
       2.76683929e+02, 1.76998566e+02, 2.34507173e-02, 2.77030914e+02,
       1.85672928e+02, 1.73136257e-02, 2.50313889e+02, 1.95388199e+02,
       1.42423557e-02, 2.48579010e+02, 1.94347275e+02, 1.00901350e-02,
       2.75989990e+02, 1.88795685e+02, 1.38464682e-02, 2.53436661e+02,
       1.93653320e+02, 1.80577599e-02, 2.51354813e+02, 1.96082153e+02,
       1.93067398e-02, 2.49272964e+02, 1.94347275e+02, 8.06981605e-03,
       2.75296021e+02, 1.89489639e+02, 1.43450499e-02, 2.54477585e+02,
       1.94000305e+02, 1.61269940e-02, 2.54130600e+02, 1.95735168e+02,
       1.19682988e-02, 2.54130600e+02, 2.00592804e+02, 7.50348531e-03,
       2.47191116e+02, 1.91571487e+02, 2.10729931e-02, 2.48925995e+02,
       1.95735168e+02, 1.49055198e-02, 2.50660858e+02, 1.95041229e+02,
       1.03003541e-02, 2.54477585e+02, 1.98857941e+02, 7.50321615e-03,
       4.46920044e+02, 3.59561188e+02, 3.39368731e-02, 4.34774017e+02,
       3.49945587e+02, 1.11532575e-02, 4.18073212e+02, 3.72213287e+02,
       2.08221786e-02, 4.13771515e+02, 3.61585510e+02, 2.11598910e-02,
       4.12759338e+02, 3.59055115e+02, 4.12095450e-02, 4.16301910e+02,
       3.67152466e+02, 1.86268061e-01, 4.12759338e+02, 3.64115936e+02,
       4.86910790e-01, 4.12253235e+02, 3.58295959e+02, 3.17314506e-01,
       4.13518463e+02, 3.55512512e+02, 2.58877873e-01, 4.19085388e+02,
       3.64622040e+02, 4.17821109e-01, 4.15542786e+02, 3.57536835e+02,
       5.36471367e-01, 4.16301910e+02, 3.51716888e+02, 4.55019504e-01,
       4.17567139e+02, 3.46402985e+02, 3.79763186e-01, 4.21868866e+02,
       3.62344635e+02, 5.25057137e-01, 4.19591461e+02, 3.54500336e+02,
       7.17488766e-01, 4.20097565e+02, 3.49439484e+02, 6.35045171e-01,
       4.21109741e+02, 3.45137787e+02, 6.00826263e-01, 4.24146240e+02,
       3.59814240e+02, 5.12007236e-01, 4.23640137e+02, 3.53741211e+02,
       6.65414691e-01, 4.23640137e+02, 3.49692535e+02, 7.45703936e-01,
       4.24146240e+02, 3.46909058e+02, 6.35831773e-01, 2.78213776e+02,
       3.01973328e+02, 2.18228698e-01, 2.79007263e+02, 3.07527740e+02,
       1.33029133e-01, 2.63931030e+02, 3.10437195e+02, 9.11801308e-02,
       2.60757080e+02, 3.11230682e+02, 4.84925359e-02, 2.49648254e+02,
       3.01444336e+02, 4.45060320e-02, 2.65253510e+02, 3.06205261e+02,
       2.50018090e-01, 2.57583130e+02, 3.06205261e+02, 3.76979023e-01,
       2.52293213e+02, 3.05411774e+02, 3.80308211e-01, 2.49648254e+02,
       3.04618286e+02, 3.69861037e-01, 2.66840485e+02, 3.01179840e+02,
       4.74563956e-01, 2.57054138e+02, 3.01973328e+02, 5.26525617e-01,
       2.50177246e+02, 3.00386353e+02, 6.03576362e-01, 2.46209808e+02,
       3.00386353e+02, 6.37555063e-01, 2.67104980e+02, 2.95096436e+02,
       6.13835156e-01, 2.58112122e+02, 2.96418915e+02, 5.77770710e-01,
       2.51764221e+02, 2.96418915e+02, 5.64718962e-01, 2.47532288e+02,
       2.96418915e+02, 3.89867187e-01, 2.67633972e+02, 2.88748535e+02,
       5.87988734e-01, 2.59963593e+02, 2.90071014e+02, 6.17641389e-01,
       2.55731659e+02, 2.91393494e+02, 6.89848423e-01, 2.52028717e+02,
       2.92715973e+02, 5.80702126e-01 ]
