%YAML:1.0
---
face_0: !!opencv-matrix
   rows: 6
   cols: 70
   dt: "3f"
   data: [ 5.68301147e+02, 2.29318939e+02, 4.00197208e-02,
       5.72648010e+02, 2.43750443e+02, 7.46103451e-02, 5.73343506e+02,
       2.48618912e+02, 1.74957380e-01, 5.75777710e+02, 2.52096375e+02,
       1.97975129e-01, 5.82210999e+02, 2.54182861e+02, 2.31746808e-01,
       5.87774963e+02, 2.55921600e+02, 3.38728607e-01, 5.92469543e+02,
       2.56790955e+02, 3.26548636e-01, 5.97511902e+02, 2.56617096e+02,
       3.96509469e-01, 6.03075867e+02, 2.55226105e+02, 4.68988806e-01,
       6.07074951e+02, 2.52270248e+02, 4.49595511e-01, 6.08813660e+02,
       2.47923416e+02, 4.56959099e-01, 6.10204651e+02, 2.43054947e+02,
       4.59888101e-01, 6.11247925e+02, 2.38534241e+02, 4.31677312e-01,
       6.09161438e+02, 2.34361267e+02, 4.62678701e-01, 6.06205566e+02,
       2.30362183e+02, 4.88891542e-01, 6.03945251e+02, 2.27406326e+02,
       5.14205694e-01, 6.01858765e+02, 2.24624359e+02, 5.51645517e-01,
       5.76820923e+02, 2.27406326e+02, 5.92049778e-01, 5.78211914e+02,
       2.25145981e+02, 6.35601521e-01, 5.80993896e+02, 2.23581116e+02,
       7.30199158e-01, 5.83775879e+02, 2.23233368e+02, 7.57913709e-01,
       5.86383972e+02, 2.23233368e+02, 7.20222116e-01, 5.93338928e+02,
       2.20451385e+02, 7.76708961e-01, 5.94729919e+02, 2.19234268e+02,
       8.02775681e-01, 5.96468689e+02, 2.18017166e+02, 8.86596680e-01,
       5.98729004e+02, 2.17843292e+02, 9.27723289e-01, 6.00293884e+02,
       2.18017166e+02, 8.39900017e-01, 5.92121826e+02, 2.25841476e+02,
       8.55438769e-01, 5.93686707e+02, 2.28623444e+02, 8.54342639e-01,
       5.95773193e+02, 2.31405426e+02, 8.27134609e-01, 5.97511902e+02,
       2.34187408e+02, 8.36256027e-01, 5.93860535e+02, 2.37664871e+02,
       8.47720861e-01, 5.96120911e+02, 2.37490997e+02, 9.34106410e-01,
       5.97685791e+02, 2.37317123e+02, 8.97342563e-01, 5.99250610e+02,
       2.36100006e+02, 8.23293686e-01, 6.00467773e+02, 2.34709015e+02,
       7.61264980e-01, 5.82210999e+02, 2.31057678e+02, 6.72504902e-01,
       5.83254272e+02, 2.28797318e+02, 7.41763175e-01, 5.85166870e+02,
       2.27754074e+02, 8.76075089e-01, 5.87601135e+02, 2.28797318e+02,
       8.47116709e-01, 5.86210144e+02, 2.30362183e+02, 8.29003036e-01,
       5.83775879e+02, 2.31057678e+02, 7.63328195e-01, 5.95077698e+02,
       2.24972107e+02, 8.26935649e-01, 5.96294800e+02, 2.23407242e+02,
       8.62003386e-01, 5.98207397e+02, 2.22363998e+02, 7.70323694e-01,
       6.00119995e+02, 2.23407242e+02, 7.72040844e-01, 5.98902893e+02,
       2.24798233e+02, 8.48605454e-01, 5.97338013e+02, 2.24972107e+02,
       8.03564906e-01, 5.92643433e+02, 2.44445938e+02, 5.17554522e-01,
       5.94556030e+02, 2.42011719e+02, 7.71098137e-01, 5.96642517e+02,
       2.40446854e+02, 7.96388924e-01, 5.98902893e+02, 2.40272980e+02,
       8.90484393e-01, 6.00293884e+02, 2.38881989e+02, 9.09122944e-01,
       6.02554260e+02, 2.38881989e+02, 7.94418812e-01, 6.04988464e+02,
       2.39925232e+02, 5.77181876e-01, 6.04292969e+02, 2.42707199e+02,
       7.95121729e-01, 6.02032593e+02, 2.44272064e+02, 8.13484907e-01,
       6.00467773e+02, 2.44967560e+02, 8.49626064e-01, 5.98033508e+02,
       2.45663055e+02, 8.42039049e-01, 5.95251526e+02, 2.45836929e+02,
       7.96219885e-01, 5.93860535e+02, 2.44098190e+02, 6.51797414e-01,
       5.97511902e+02, 2.42359451e+02, 8.08307827e-01, 5.99076782e+02,
       2.41663971e+02, 8.88503253e-01, 6.00641602e+02, 2.41142349e+02,
       7.82781899e-01, 6.03945251e+02, 2.40272980e+02, 6.41810954e-01,
       6.00815491e+02, 2.41142349e+02, 7.56453693e-01, 5.99076782e+02,
       2.41663971e+02, 8.68431628e-01, 5.97511902e+02, 2.42533325e+02,
       7.93032050e-01, 5.84819153e+02, 2.28971191e+02, 7.18132973e-01,
       5.97511902e+02, 2.23581116e+02, 7.30204701e-01, 4.34343567e+02,
       1.89919220e+02, 6.93266094e-02, 4.41517853e+02, 1.89744247e+02,
       7.41038322e-02, 4.38893127e+02, 1.91144104e+02, 8.97716805e-02,
       4.35218506e+02, 1.92718948e+02, 6.60769939e-02, 4.33118713e+02,
       2.03742844e+02, 1.29978091e-01, 4.33643646e+02, 2.06542557e+02,
       1.21739186e-01, 4.35568451e+02, 2.10917114e+02, 1.82681933e-01,
       4.41692841e+02, 2.13366867e+02, 2.33057335e-01, 4.45717438e+02,
       2.14941711e+02, 4.76875007e-01, 4.48167175e+02, 2.14766724e+02,
       3.77820194e-01, 4.51141876e+02, 2.13191895e+02, 4.16861653e-01,
       4.52191772e+02, 2.10567154e+02, 4.51649606e-01, 4.52541748e+02,
       2.06717545e+02, 5.77445447e-01, 4.52891724e+02, 2.03392868e+02,
       6.00392342e-01, 4.53941620e+02, 2.00418167e+02, 6.05379283e-01,
       4.54291565e+02, 1.96743546e+02, 6.55896425e-01, 4.54641541e+02,
       1.93768845e+02, 5.86215734e-01, 4.36093414e+02, 1.83619858e+02,
       4.11939144e-01, 4.38893127e+02, 1.82569962e+02, 5.98646879e-01,
       4.42042816e+02, 1.82744949e+02, 6.71125770e-01, 4.45717438e+02,
       1.83969833e+02, 7.85334408e-01, 4.47817230e+02, 1.86069611e+02,
       6.96777225e-01, 4.51141876e+02, 1.88344391e+02, 6.62467062e-01,
       4.52716736e+02, 1.88169403e+02, 6.48882031e-01, 4.54116577e+02,
       1.88169403e+02, 6.60160184e-01, 4.55516449e+02, 1.88169403e+02,
       6.11199498e-01, 4.56741333e+02, 1.89219299e+02, 5.25606573e-01,
       4.48692139e+02, 1.90969116e+02, 8.51481557e-01, 4.48867126e+02,
       1.93068909e+02, 7.09621966e-01, 4.49917023e+02, 1.95168701e+02,
       6.52166724e-01, 4.50266968e+02, 1.97093506e+02, 5.52548528e-01,
       4.45892426e+02, 1.99193298e+02, 5.68953097e-01, 4.47117310e+02,
       1.99368271e+02, 6.22330606e-01, 4.48517151e+02, 2.00068207e+02,
       5.64640939e-01, 4.49917023e+02, 2.00418167e+02, 5.50457001e-01,
       4.50616943e+02, 1.99718246e+02, 4.58093852e-01, 4.37668243e+02,
       1.89044312e+02, 6.58320487e-01, 4.40118011e+02, 1.88169403e+02,
       7.35806346e-01, 4.41867828e+02, 1.88344391e+02, 8.37162733e-01,
       4.43092712e+02, 1.89569260e+02, 8.81414354e-01, 4.41517853e+02,
       1.89569260e+02, 7.89780617e-01, 4.39593048e+02, 1.89569260e+02,
       6.96600556e-01, 4.50092010e+02, 1.92019012e+02, 6.11775160e-01,
       4.51491852e+02, 1.91144104e+02, 7.08523691e-01, 4.52891724e+02,
       1.91319092e+02, 7.44126201e-01, 4.54116577e+02, 1.92543961e+02,
       7.49624431e-01, 4.52716736e+02, 1.93068909e+02, 6.58793688e-01,
       4.51491852e+02, 1.92718948e+02, 6.13355756e-01, 4.42567749e+02,
       2.03917816e+02, 4.69110906e-01, 4.45367462e+02, 2.03217896e+02,
       5.59315860e-01, 4.47292267e+02, 2.02867920e+02, 5.96679389e-01,
       4.48167175e+02, 2.03567856e+02, 6.27075672e-01, 4.48692139e+02,
       2.03567856e+02, 6.65295720e-01, 4.49742035e+02, 2.04792725e+02,
       6.26850665e-01, 4.49742035e+02, 2.06017609e+02, 5.03893614e-01,
       4.48692139e+02, 2.06542557e+02, 5.49318612e-01, 4.47642242e+02,
       2.06717545e+02, 5.53162634e-01, 4.46767334e+02, 2.06367569e+02,
       5.63177586e-01, 4.45717438e+02, 2.06367569e+02, 6.11835003e-01,
       4.44142609e+02, 2.05842621e+02, 5.36310554e-01, 4.43792633e+02,
       2.04267792e+02, 5.61279535e-01, 4.46592346e+02, 2.03742844e+02,
       6.38208032e-01, 4.47467255e+02, 2.04267792e+02, 6.29525483e-01,
       4.48517151e+02, 2.04792725e+02, 5.76733112e-01, 4.49217072e+02,
       2.06017609e+02, 5.07762849e-01, 4.47642242e+02, 2.05317673e+02,
       5.28093040e-01, 4.47117310e+02, 2.05142700e+02, 6.49722338e-01,
       4.46067413e+02, 2.04967712e+02, 6.10970378e-01, 4.40642944e+02,
       1.88519363e+02, 6.72874689e-01, 4.51841827e+02, 1.92019012e+02,
       5.59776843e-01, 6.05922058e+02, 1.54680695e+02, 5.93273491e-02,
       6.15212708e+02, 1.87198013e+02, 3.19876187e-02, 5.97870178e+02,
       1.68926376e+02, 6.16357923e-02, 6.01586426e+02, 1.75584686e+02,
       2.31954694e-01, 6.05147827e+02, 1.80075180e+02, 3.59800220e-01,
       6.08709290e+02, 1.82862366e+02, 3.27382028e-01, 6.13664307e+02,
       1.84875351e+02, 2.77765512e-01, 6.17690247e+02, 1.86114105e+02,
