%YAML:1.0
---
face_0: !!opencv-matrix
   rows: 2
   cols: 70
   dt: "3f"
   data: [ 2.58406677e+02, 2.47079788e+02, 5.08428924e-02,
       2.47512238e+02, 2.25152985e+02, 9.43469182e-02, 2.47098526e+02,
       2.27221542e+02, 1.39010563e-01, 2.44478333e+02, 2.28738495e+02,
       1.28138274e-01, 2.43099289e+02, 2.32324005e+02, 1.06902793e-01,
       2.42547684e+02, 2.37012772e+02, 2.69084811e-01, 2.42823486e+02,
       2.40598282e+02, 4.18253362e-01, 2.44478333e+02, 2.44873322e+02,
       5.01292348e-01, 2.46960617e+02, 2.48045120e+02, 5.57825267e-01,
       2.50546143e+02, 2.48872543e+02, 3.19348931e-01, 2.53166321e+02,
       2.48183029e+02, 2.98569053e-01, 2.57027649e+02, 2.47769318e+02,
       2.52479851e-01, 2.59096222e+02, 2.46114456e+02, 1.85605094e-01,
       2.60751068e+02, 2.45424942e+02, 2.19005853e-01, 2.62957550e+02,
       2.44183792e+02, 2.86142558e-01, 2.65026093e+02, 2.42528946e+02,
       2.10081816e-01, 2.68197906e+02, 2.40598282e+02, 1.74720287e-01,
       2.58268799e+02, 2.45976547e+02, 1.09630309e-01, 2.59372009e+02,
       2.25980408e+02, 1.48486167e-01, 2.61440582e+02, 2.27221542e+02,
       2.74754465e-01, 2.62543823e+02, 2.28738495e+02, 3.93605709e-01,
       2.63095428e+02, 2.30531250e+02, 3.91549766e-01, 2.65715637e+02,
       2.33013535e+02, 3.96719038e-01, 2.68059998e+02, 2.33703064e+02,
       2.29800746e-01, 2.70266479e+02, 2.35082108e+02, 1.44885957e-01,
       2.71369720e+02, 2.37012772e+02, 1.76202506e-01, 2.71783417e+02,
       2.38253906e+02, 1.46969110e-01, 2.62130096e+02, 2.34944199e+02,
       8.24345231e-01, 2.61164764e+02, 2.37564377e+02, 7.13134110e-01,
       2.60337341e+02, 2.40460373e+02, 6.12859964e-01, 2.59096222e+02,
       2.42666840e+02, 5.01904309e-01, 2.51787277e+02, 2.43494278e+02,
       3.49476516e-01, 2.55924408e+02, 2.42804749e+02, 3.23715329e-01,
       2.56338135e+02, 2.43907990e+02, 4.04433429e-01, 2.57303467e+02,
       2.43907990e+02, 4.81692672e-01, 2.58268799e+02, 2.43770081e+02,
       4.78093922e-01, 2.54821167e+02, 2.29428024e+02, 3.97550941e-01,
       2.55924408e+02, 2.30807068e+02, 5.37225246e-01, 2.57165558e+02,
       2.31634491e+02, 7.07029164e-01, 2.58130890e+02, 2.32599823e+02,
       8.66981864e-01, 2.56751831e+02, 2.31910294e+02, 7.15599418e-01,
       2.55786499e+02, 2.31082870e+02, 5.60472786e-01, 2.64612396e+02,
       2.36323242e+02, 6.13804460e-01, 2.65853516e+02, 2.37150665e+02,
       5.66159904e-01, 2.66956757e+02, 2.38115997e+02, 5.33504248e-01,
       2.67922089e+02, 2.39081329e+02, 3.85131925e-01, 2.66818848e+02,
       2.38253906e+02, 6.03790700e-01, 2.65715637e+02, 2.37426483e+02,
       5.73655546e-01, 2.50684036e+02, 2.41977325e+02, 3.45721483e-01,
       2.52200989e+02, 2.43770081e+02, 3.25220972e-01, 2.53717941e+02,
       2.44735413e+02, 3.10902894e-01, 2.54821167e+02, 2.45424942e+02,
       2.33387068e-01, 2.55648605e+02, 2.45700745e+02, 2.83953816e-01,
       2.56338135e+02, 2.45976547e+02, 2.18509182e-01, 2.57027649e+02,
       2.45149124e+02, 1.46158263e-01, 2.54959076e+02, 2.47079788e+02,
       8.21224749e-02, 2.53855850e+02, 2.46941879e+02, 1.23022467e-01,
       2.53580032e+02, 2.45011215e+02, 1.54761076e-01, 2.52476791e+02,
       2.44735413e+02, 2.19419479e-01, 2.51235657e+02, 2.43907990e+02,
       2.13053897e-01, 2.51373566e+02, 2.43218460e+02, 3.04918230e-01,
       2.53304230e+02, 2.44873322e+02, 2.75538981e-01, 2.53993744e+02,
       2.45838654e+02, 2.21520528e-01, 2.54959076e+02, 2.45976547e+02,
       2.64131457e-01, 2.56200226e+02, 2.45838654e+02, 1.39934033e-01,
       2.54959076e+02, 2.45976547e+02, 2.73948073e-01, 2.53993744e+02,
       2.45562836e+02, 2.34125108e-01, 2.53028412e+02, 2.44735413e+02,
       3.30149651e-01, 2.56613922e+02, 2.31496582e+02, 5.60060859e-01,
       2.66129333e+02, 2.37564377e+02, 5.39788961e-01, 5.51218872e+02,
       2.24710052e+02, 3.18851233e-01, 5.52478760e+02, 2.26109909e+02,
       3.37962836e-01, 5.53878662e+02, 2.28069717e+02, 3.38389695e-01,
       5.55838440e+02, 2.30029526e+02, 4.42065746e-01, 5.58078247e+02,
       2.31709351e+02, 5.63239992e-01, 5.60317993e+02, 2.33529175e+02,
       5.69665849e-01, 5.63397705e+02, 2.34509079e+02, 5.84352136e-01,
       5.66337402e+02, 2.34929031e+02, 5.43639839e-01, 5.68717163e+02,
       2.34509079e+02, 6.01626694e-01, 5.71376892e+02, 2.32549271e+02,
       5.57407916e-01, 5.73616699e+02, 2.29469574e+02, 5.44442415e-01,
       5.75716492e+02, 2.25829941e+02, 4.87618625e-01, 5.76276428e+02,
       2.21630356e+02, 3.79848510e-01, 5.76136414e+02, 2.18270691e+02,
       3.94246668e-01, 5.75156555e+02, 2.15470963e+02, 3.31184804e-01,
       5.73616699e+02, 2.12391266e+02, 2.81025648e-01, 5.70397034e+02,
       2.10011505e+02, 1.87650383e-01, 5.46879333e+02, 2.20090500e+02,
       6.20954335e-01, 5.47859253e+02, 2.18690643e+02, 7.75666952e-01,
       5.49119141e+02, 2.17850723e+02, 7.41178751e-01, 5.51218872e+02,
       2.16870819e+02, 6.51115179e-01, 5.53178711e+02, 2.16870819e+02,
       5.14717638e-01, 5.55698486e+02, 2.14631042e+02, 8.09492409e-01,
       5.56398376e+02, 2.12531250e+02, 7.49461055e-01, 5.57798279e+02,
       2.10991409e+02, 7.98211277e-01, 5.59058105e+02, 2.10011505e+02,
       7.20271945e-01, 5.60737976e+02, 2.09311569e+02, 4.75257337e-01,
       5.56118408e+02, 2.19530563e+02, 8.20923030e-01, 5.56958313e+02,
       2.22190292e+02, 9.23075795e-01, 5.57798279e+02, 2.24710052e+02,
       8.22472632e-01, 5.58078247e+02, 2.27509766e+02, 7.53272712e-01,
       5.57938232e+02, 2.28909637e+02, 6.85131967e-01, 5.58918152e+02,
       2.28909637e+02, 6.56696558e-01, 5.59758057e+02, 2.28489670e+02,
       7.48738587e-01, 5.60877930e+02, 2.27789749e+02, 7.37324834e-01,
       5.61717834e+02, 2.26809845e+02, 6.31844103e-01, 5.52198792e+02,
       2.23170197e+02, 6.25944555e-01, 5.52758728e+02, 2.22330276e+02,
       7.34389603e-01, 5.53598694e+02, 2.21490372e+02, 8.91158938e-01,
       5.54578552e+02, 2.21210388e+02, 9.49386060e-01, 5.53878662e+02,
       2.22050308e+02, 8.17078233e-01, 5.53318665e+02, 2.22610260e+02,
       7.56147742e-01, 5.60317993e+02, 2.17990707e+02, 1.00576651e+00,
       5.61297913e+02, 2.16870819e+02, 8.25075865e-01, 5.62417786e+02,
       2.16310883e+02, 7.12614059e-01, 5.63537659e+02, 2.15610947e+02,
       6.10567033e-01, 5.62557800e+02, 2.16730835e+02, 8.04809809e-01,
       5.61437866e+02, 2.17710739e+02, 8.60671461e-01, 5.60178040e+02,
       2.31569366e+02, 3.97970140e-01, 5.60038025e+02, 2.30729446e+02,
       6.00953996e-01, 5.60458008e+02, 2.30309494e+02, 6.98385119e-01,
       5.61297913e+02, 2.30169510e+02, 6.70602322e-01, 5.62277832e+02,
       2.29189606e+02, 6.56045794e-01, 5.63957642e+02, 2.28489670e+02,
       6.08734667e-01, 5.66197449e+02, 2.27929733e+02, 6.07587934e-01,
       5.65077515e+02, 2.29749542e+02, 5.53362787e-01, 5.64377625e+02,
       2.30729446e+02, 5.60922325e-01, 5.63537659e+02, 2.31429382e+02,
       5.58573484e-01, 5.62697754e+02, 2.31709351e+02, 5.87101400e-01,
       5.61437866e+02, 2.32129318e+02, 5.80894887e-01, 5.60317993e+02,
       2.31429382e+02, 5.60390294e-01, 5.61297913e+02, 2.31009430e+02,
       6.29839838e-01, 5.62137817e+02, 2.30309494e+02, 6.50614440e-01,
       5.62697754e+02, 2.30029526e+02, 6.37690604e-01, 5.65637451e+02,
       2.28349686e+02, 6.44578040e-01, 5.63397705e+02, 2.30169510e+02,
       6.00690603e-01, 5.62557800e+02, 2.30869446e+02, 6.02511466e-01,
       5.61717834e+02, 2.31289398e+02, 5.86962879e-01, 5.53458679e+02,
       2.22190292e+02, 8.07680666e-01, 5.61717834e+02, 2.16870819e+02,
       7.72331238e-01 ]
