%YAML:1.0
---
hand_right_0: !!opencv-matrix
   rows: 1
   cols: 21
   dt: "3f"
   data: [ 2.22745071e+02, 3.29270233e+02, 3.00172240e-01,
       2.34409485e+02, 3.27502899e+02, 3.95792127e-01, 2.50315491e+02,
       3.33511841e+02, 3.98812354e-01, 2.59859100e+02, 3.41288086e+02,
       2.36303747e-01, 2.61272949e+02, 3.50124756e+02, 1.31162569e-01,
       2.53496689e+02, 3.44822754e+02, 7.10590541e-01, 2.63040283e+02,
       3.50478241e+02, 7.15275705e-01, 2.66928436e+02, 3.53305969e+02,
       6.79658234e-01, 2.70109619e+02, 3.56133698e+02, 7.61746705e-01,
       2.49255081e+02, 3.54719818e+02, 7.42164135e-01, 2.60566010e+02,
       3.63909973e+02, 7.40152121e-01, 2.66574951e+02, 3.68505035e+02,
       7.22023189e-01, 2.71876953e+02, 3.72393158e+02, 7.19317794e-01,
       2.41478821e+02, 3.61082245e+02, 7.41679430e-01, 2.50315491e+02,
       3.72393158e+02, 8.51234198e-01, 2.55264023e+02, 3.77341705e+02,
       7.41407752e-01, 2.60212555e+02, 3.81583313e+02, 7.19378293e-01,
       2.31935211e+02, 3.64616913e+02, 7.21206844e-01, 2.36530273e+02,
       3.72393158e+02, 7.33193934e-01, 2.38297607e+02, 3.75574371e+02,
       7.04871416e-01, 2.39358017e+02, 3.77341705e+02, 5.28804243e-01 ]
