%YAML:1.0
---
pose_0: !!opencv-matrix
   rows: 1
   cols: 25
   dt: "3f"
   data: [ 2.09772232e+02, 2.78700897e+02, 8.43409240e-01,
       2.05208618e+02, 3.34365448e+02, 7.73417652e-01, 1.51883728e+02,
       3.29873596e+02, 7.91362762e-01, 1.49502090e+02, 4.32273682e+02,
       8.51612806e-01, 2.27500336e+02, 4.56748383e+02, 8.26441586e-01,
       2.56498657e+02, 3.45429749e+02, 6.47894800e-01, 3.09855316e+02,
       4.32224854e+02, 5.72539926e-01, 4.18943176e+02, 4.54628326e+02,
       4.55704242e-01, 1.94154755e+02, 5.01217773e+02, 5.67409515e-01,
       1.65214401e+02, 5.05754211e+02, 5.96331596e-01, 2.72002686e+02,
       5.39081543e+02, 7.49721646e-01, 4.03309875e+02, 6.50482544e+02,
       6.50491893e-01, 2.27490875e+02, 4.92349518e+02, 4.89227414e-01,
       3.36605896e+02, 4.87846741e+02, 6.60496116e-01, 2.89805939e+02,
       5.79232239e+02, 8.72059166e-02, 2.02908417e+02, 2.58660492e+02,
       9.36890125e-01, 2.36384293e+02, 2.65335388e+02, 8.45676363e-01,
       1.85239090e+02, 2.56465759e+02, 2.76194572e-01, 2.63160797e+02,
       2.74275818e+02, 7.55165458e-01, 0., 0., 0., 0., 0., 0., 0., 0.,
       0., 4.54548859e+02, 6.45883545e+02, 3.71721834e-01,
       4.41205872e+02, 6.57040405e+02, 3.72361749e-01, 4.10045563e+02,
       6.68214050e+02, 4.22554493e-01 ]
