%YAML:1.0
---
hand_right_0: !!opencv-matrix
   rows: 2
   cols: 21
   dt: "3f"
   data: [ 2.95591461e+02, 2.65217682e+02, 1.09727830e-02,
       2.94203522e+02, 2.70422455e+02, 1.63595602e-02, 2.97673370e+02,
       2.72157379e+02, 1.49382148e-02, 3.01663696e+02, 2.75280243e+02,
       1.51685812e-02, 2.99061310e+02, 2.72330872e+02, 6.77240267e-03,
       2.94897491e+02, 2.78576599e+02, 1.24645885e-02, 2.94203522e+02,
       2.80485016e+02, 1.38209471e-02, 2.93509552e+02, 2.80485016e+02,
       1.07542956e-02, 2.92121613e+02, 2.73198334e+02, 8.06160457e-03,
       2.94723999e+02, 2.79097076e+02, 1.08280294e-02, 2.93509552e+02,
       2.80138031e+02, 1.55503470e-02, 2.93336060e+02, 2.80311523e+02,
       1.23344362e-02, 2.92468597e+02, 2.73718811e+02, 7.50638777e-03,
       2.94203522e+02, 2.79097076e+02, 1.00100134e-02, 2.93856537e+02,
       2.79270569e+02, 1.31625691e-02, 2.93336060e+02, 2.79270569e+02,
       1.05406428e-02, 2.93683044e+02, 2.74933258e+02, 7.35997362e-03,
       2.89172241e+02, 2.81525970e+02, 1.47431064e-02, 2.89345734e+02,
       2.77709137e+02, 1.33199422e-02, 2.89519226e+02, 2.80485016e+02,
       1.10108182e-02, 2.89692719e+02, 2.79791046e+02, 7.75344530e-03,
       5.86654175e+02, 2.79225464e+02, 1.46293357e-01, 5.89016174e+02,
       2.75513733e+02, 2.35891223e-01, 5.93627686e+02, 2.73264221e+02,
       2.19451383e-01, 5.98014282e+02, 2.73376709e+02, 2.15364888e-01,
       6.01388550e+02, 2.72814331e+02, 1.12638056e-01, 5.97339417e+02,
       2.73601654e+02, 4.39286888e-01, 6.01950928e+02, 2.73714111e+02,
       5.48597515e-01, 6.05325256e+02, 2.75288788e+02, 5.52278757e-01,
       6.07687256e+02, 2.76301086e+02, 3.05383056e-01, 5.98239197e+02,
       2.76975952e+02, 5.42174757e-01, 6.02738281e+02, 2.78100708e+02,
       4.90232170e-01, 6.06225037e+02, 2.79112976e+02, 4.52052295e-01,
       6.08474548e+02, 2.79675385e+02, 2.59282023e-01, 5.97339417e+02,
       2.80575195e+02, 5.81290364e-01, 6.01950928e+02, 2.81699951e+02,
       5.03220022e-01, 6.05325256e+02, 2.82149841e+02, 4.63282734e-01,
       6.07574768e+02, 2.82487274e+02, 3.79143924e-01, 5.96889526e+02,
       2.84174438e+02, 5.33301234e-01, 6.01163635e+02, 2.84511841e+02,
       5.93629420e-01, 6.03525635e+02, 2.84511841e+02, 6.59371078e-01,
       6.05325256e+02, 2.84399384e+02, 6.53172314e-01 ]
