%YAML:1.0
---
pose_0: !!opencv-matrix
   rows: 5
   cols: 25
   dt: "3f"
   data: [ 1.84518402e+02, 1.95828506e+02, 8.42522264e-01,
       1.69987732e+02, 2.15188416e+02, 7.94497609e-01, 1.57090881e+02,
       2.13550507e+02, 8.14942300e-01, 1.55464188e+02, 2.32937073e+02,
       5.40488422e-01, 1.76429047e+02, 2.63599243e+02, 4.91396129e-01,
       1.84500259e+02, 2.20008453e+02, 7.39775002e-01, 1.99072815e+02,
       2.50650482e+02, 5.39305270e-01, 1.97445770e+02, 2.28109543e+02,
       3.50221127e-01, 1.73258682e+02, 2.78132874e+02, 6.77977741e-01,
       1.61963699e+02, 2.78120880e+02, 6.70536757e-01, 1.61861649e+02,
       3.29832489e+02, 4.76606309e-01, 1.48983231e+02, 3.73378906e+02,
       3.50464612e-01, 1.86085312e+02, 2.78128510e+02, 6.34664714e-01,
       1.86122421e+02, 3.28171906e+02, 3.68654758e-01, 1.74838165e+02,
       3.78187256e+02, 2.70047843e-01, 1.78080688e+02, 1.89348526e+02,
       8.39389741e-01, 1.86147903e+02, 1.90941727e+02, 7.28763223e-01,
       1.68349472e+02, 1.89368134e+02, 7.91662276e-01, 0., 0., 0.,
       1.78068634e+02, 3.87885529e+02, 1.93635404e-01, 1.86091370e+02,
       3.83063477e+02, 2.13010490e-01, 1.73165344e+02, 3.81414154e+02,
       2.23191097e-01, 1.61939224e+02, 3.89489014e+02, 2.37040460e-01,
       1.49005798e+02, 3.89499908e+02, 2.42140397e-01, 1.48997574e+02,
       3.78214813e+02, 2.27131635e-01, 3.95972961e+02, 1.61980072e+02,
       9.11531508e-01, 3.94394287e+02, 1.86043655e+02, 9.12327588e-01,
       3.79763885e+02, 1.86028885e+02, 8.84337544e-01, 3.62083832e+02,
       2.02276123e+02, 8.25616419e-01, 3.66881897e+02, 1.78031097e+02,
       8.30828071e-01, 4.13698761e+02, 1.86068848e+02, 8.71868134e-01,
       4.31502899e+02, 2.03884293e+02, 8.14641297e-01, 4.23392731e+02,
       1.78093140e+02, 4.43615884e-01, 3.94367249e+02, 2.29726761e+02,
       8.03577840e-01, 3.81478577e+02, 2.28135040e+02, 7.95022964e-01,
       3.74964508e+02, 2.42620346e+02, 7.16070771e-01, 3.79802277e+02,
       2.84578400e+02, 4.53905940e-01, 4.07281036e+02, 2.31329971e+02,
       7.71802425e-01, 4.21828552e+02, 2.47443237e+02, 7.52659380e-01,
       3.87895020e+02, 2.78182526e+02, 6.18020058e-01, 3.94297760e+02,
       1.60323288e+02, 9.46500182e-01, 4.02415466e+02, 1.60356277e+02,
       8.96782160e-01, 3.89473480e+02, 1.61902954e+02, 7.36420453e-01,
       4.07233490e+02, 1.61965103e+02, 7.26732314e-01, 3.78214691e+02,
       2.89374207e+02, 2.50259608e-01, 3.81446442e+02, 2.90990997e+02,
       2.56255388e-01, 3.83032867e+02, 2.79725525e+02, 3.89991194e-01,
       3.68557709e+02, 2.91033691e+02, 2.10074410e-01, 3.68535065e+02,
       2.92655548e+02, 2.20804751e-01, 3.78206818e+02, 2.87838013e+02,
       3.09174716e-01, 4.70259491e+02, 2.84603851e+02, 8.77545416e-01,
       4.68542938e+02, 2.91068542e+02, 9.11040604e-01, 4.52456635e+02,
       2.91017731e+02, 8.69439304e-01, 4.42731140e+02, 3.03933990e+02,
       8.24574411e-01, 4.47650024e+02, 3.15290192e+02, 7.67996550e-01,
       4.81515564e+02, 2.92633942e+02, 9.11354721e-01, 4.86411285e+02,
       3.13608704e+02, 8.35360527e-01, 4.83140411e+02, 3.28119415e+02,
       8.01652968e-01, 4.60580292e+02, 3.23356384e+02, 8.11936021e-01,
       4.55655029e+02, 3.21737244e+02, 8.14112127e-01, 4.44299774e+02,
       3.31418610e+02, 8.13860834e-01, 4.33158569e+02, 3.55653778e+02,
       8.08906913e-01, 4.71798798e+02, 3.24939941e+02, 8.50471675e-01,
       4.75063141e+02, 3.42693237e+02, 7.33265281e-01, 4.87992981e+02,
       3.70121460e+02, 8.10131848e-01, 4.68574554e+02, 2.79759186e+02,
       8.67183208e-01, 4.71873230e+02, 2.79751343e+02, 8.73766720e-01,
       4.58929993e+02, 2.79754181e+02, 8.56552422e-01, 4.78292053e+02,
       2.78221069e+02, 2.73108006e-01, 4.92821411e+02, 3.79784027e+02,
       6.66742146e-01, 4.96087677e+02, 3.78229248e+02, 7.33930707e-01,
       4.89563385e+02, 3.74963135e+02, 6.41378343e-01, 4.31484772e+02,
       3.58834808e+02, 5.35665512e-01, 4.29841705e+02, 3.57217682e+02,
       5.50284624e-01, 4.34723145e+02, 3.57201721e+02, 5.90854049e-01,
       6.02613708e+02, 1.86110748e+02, 9.13714409e-01, 6.13839539e+02,
       2.10336533e+02, 9.15923715e-01, 5.99286804e+02, 2.10364456e+02,
       8.95923138e-01, 5.88070435e+02, 2.37751694e+02, 8.83154750e-01,
       5.84764160e+02, 2.57160583e+02, 7.11509824e-01, 6.28453125e+02,
       2.10273163e+02, 8.62509608e-01, 6.39753479e+02, 2.39416718e+02,
       8.26010406e-01, 6.23550903e+02, 2.50709915e+02, 7.32646227e-01,
       6.13888794e+02, 2.65250092e+02, 8.45798552e-01, 6.01038025e+02,
       2.65260315e+02, 8.26255322e-01, 6.04168274e+02, 3.12032227e+02,
       6.92027688e-01, 6.07405334e+02, 3.52388672e+02, 5.73687375e-01,
       6.26742615e+02, 2.65252106e+02, 8.42104316e-01, 6.34818787e+02,
       3.07167511e+02, 7.31596649e-01, 6.39752930e+02, 3.52404297e+02,
       6.76342070e-01, 6.01038025e+02, 1.82871399e+02, 8.17411184e-01,
       6.10615784e+02, 1.84448044e+02, 8.66225243e-01, 0., 0., 0.,
       6.17146362e+02, 1.86158432e+02, 8.72693062e-01, 6.39720520e+02,
       3.63651001e+02, 5.17200470e-01, 6.47793701e+02, 3.60472748e+02,
       5.36329091e-01, 6.41312683e+02, 3.55582886e+02, 5.18232882e-01,
       6.07416992e+02, 3.58864532e+02, 3.40248942e-01, 6.00975769e+02,
       3.58854279e+02, 3.70401621e-01, 6.12236755e+02, 3.54008759e+02,
       4.41877872e-01, 5.34695801e+02, 2.47448700e+02, 7.05208659e-01,
       5.49286682e+02, 2.65265320e+02, 7.37409055e-01, 5.58942261e+02,
       2.65155823e+02, 6.22145951e-01, 5.36364746e+02, 3.03924713e+02,
       6.86423555e-02, 5.23542847e+02, 3.13659821e+02, 7.05626011e-02,
       5.41255981e+02, 2.66885223e+02, 7.56486356e-01, 5.36357056e+02,
       3.04009430e+02, 6.19635880e-01, 5.23498474e+02, 3.18481140e+02,
       4.45334017e-01, 5.54150330e+02, 3.28124878e+02, 5.46852767e-01,
       5.62203857e+02, 3.24954620e+02, 5.06786466e-01, 5.17044617e+02,
       3.26556702e+02, 7.44030029e-02, 0., 0., 0., 5.47749268e+02,
       3.28215027e+02, 6.26050174e-01, 0., 0., 0., 0., 0., 0.,
       5.34704285e+02, 2.41003174e+02, 1.98293939e-01, 5.36360413e+02,
       2.41056793e+02, 7.67065346e-01, 0., 0., 0., 5.46089355e+02,
       2.47450470e+02, 7.12722778e-01, 0., 0., 0., 0., 0., 0., 0., 0.,
       0., 0., 0., 0., 0., 0., 0., 0., 0., 0. ]
