%YAML:1.0
---
hand_right_0: !!opencv-matrix
   rows: 1
   cols: 21
   dt: "3f"
   data: [ 2.17668091e+02, 5.48081787e+02, 2.28060894e-02,
       2.12320190e+02, 5.63714111e+02, 4.19607013e-02, 2.43173416e+02,
       5.51784180e+02, 2.54385434e-02, 2.58394348e+02, 5.62891357e+02,
       1.50733059e-02, 2.46053040e+02, 5.94567322e+02, 9.22203809e-03,
       2.38236893e+02, 5.65770996e+02, 4.18156050e-02, 2.40293777e+02,
       5.78935059e+02, 3.34417261e-02, 2.26306992e+02, 5.86339783e+02,
       3.86913605e-02, 2.45230301e+02, 6.00737976e+02, 2.70778630e-02,
       2.29186615e+02, 5.67827881e+02, 5.01754396e-02, 2.36591400e+02,
       5.77289551e+02, 1.02269791e-01, 2.39059647e+02, 5.90864929e+02,
       6.61089495e-02, 2.45230301e+02, 5.99092468e+02, 7.27980733e-02,
       2.23838730e+02, 5.64948242e+02, 4.66798507e-02, 2.26306992e+02,
       5.79346436e+02, 8.99772495e-02, 2.38648270e+02, 5.90453552e+02,
       8.60965103e-02, 2.44407547e+02, 5.99503845e+02, 8.28530043e-02,
       2.14377075e+02, 5.76466797e+02, 4.94881272e-02, 2.18902222e+02,
       5.80169189e+02, 6.82845339e-02, 2.23427353e+02, 5.87573914e+02,
       7.05980510e-02, 2.29597992e+02, 5.98269714e+02, 5.83132468e-02 ]
