%YAML:1.0
---
hand_right_0: !!opencv-matrix
   rows: 8
   cols: 21
   dt: "3f"
   data: [ 0., 0., 0., 0., 0., 0., 0., 0., 0., 0., 0., 0., 0., 0., 0.,
       0., 0., 0., 0., 0., 0., 0., 0., 0., 0., 0., 0., 0., 0., 0., 0.,
       0., 0., 0., 0., 0., 0., 0., 0., 0., 0., 0., 0., 0., 0., 0., 0.,
       0., 0., 0., 0., 0., 0., 0., 0., 0., 0., 0., 0., 0., 0., 0., 0.,
       5.15507324e+02, 4.41737335e+02, 2.68463213e-02, 5.66112854e+02,
       4.88232727e+02, 5.97122451e-03, 5.61745850e+02, 4.95425415e+02,
       1.01439441e-02, 5.62002747e+02, 4.95939148e+02, 1.11538181e-02,
       5.47874329e+02, 4.91058441e+02, 5.63475583e-03, 5.62259644e+02,
       4.90801544e+02, 1.37869110e-02, 5.63544006e+02, 4.96709808e+02,
       3.30440849e-02, 5.56608215e+02, 4.96452911e+02, 3.54863890e-02,
       5.49158691e+02, 4.93627228e+02, 1.47225754e-02, 5.65085327e+02,
       4.93113464e+02, 9.13325232e-03, 5.62773376e+02, 4.96452911e+02,
       2.26000492e-02, 5.55066956e+02, 4.96709808e+02, 4.22444642e-02,
       5.48901794e+02, 4.93627228e+02, 2.17648428e-02, 5.64571533e+02,
       4.93370361e+02, 8.71156063e-03, 5.60718323e+02, 4.96709808e+02,
       2.27400865e-02, 5.53268799e+02, 4.95939148e+02, 5.01246676e-02,
       5.49158691e+02, 4.93113464e+02, 4.24948633e-02, 5.63800903e+02,
       4.96709808e+02, 2.03099661e-02, 5.61232117e+02, 4.96966675e+02,
       3.76795866e-02, 5.53525696e+02, 4.95425415e+02, 4.57908250e-02,
       5.50443115e+02, 4.92856598e+02, 4.30318303e-02, 0., 0., 0., 0.,
       0., 0., 0., 0., 0., 0., 0., 0., 0., 0., 0., 0., 0., 0., 0., 0.,
       0., 0., 0., 0., 0., 0., 0., 0., 0., 0., 0., 0., 0., 0., 0., 0.,
       0., 0., 0., 0., 0., 0., 0., 0., 0., 0., 0., 0., 0., 0., 0., 0.,
       0., 0., 0., 0., 0., 0., 0., 0., 0., 0., 0., 2.41395081e+02,
       6.16234436e+02, 1.51626036e-01, 2.46894806e+02, 6.12934570e+02,
       1.59595490e-01, 2.52257019e+02, 6.11559631e+02, 1.36759907e-01,
       2.55969345e+02, 6.05922424e+02, 6.50693327e-02, 2.60506622e+02,
       6.14034546e+02, 8.46261680e-02, 2.54319427e+02, 6.11559631e+02,
       4.25937295e-01, 2.59956635e+02, 6.13622070e+02, 2.34783858e-01,
       2.63256470e+02, 6.14447021e+02, 2.46468216e-01, 2.64631409e+02,
       6.14584473e+02, 1.03666291e-01, 2.53494461e+02, 6.13897034e+02,
       4.24878985e-01, 2.59544159e+02, 6.16371887e+02, 4.13017124e-01,
       2.62843994e+02, 6.17334351e+02, 2.95157284e-01, 2.63256470e+02,
       6.17059387e+02, 1.78151429e-01, 2.52257019e+02, 6.16509399e+02,
       4.82388586e-01, 2.57894226e+02, 6.19121765e+02, 4.70529407e-01,
       2.60919098e+02, 6.19534241e+02, 3.39455575e-01, 2.61056580e+02,
       6.18846802e+02, 2.55235225e-01, 2.51157089e+02, 6.20221680e+02,
       5.50423324e-01, 2.55144379e+02, 6.21734131e+02, 5.65479279e-01,
       2.57619263e+02, 6.22421570e+02, 5.60715735e-01, 2.58856689e+02,
       6.21734131e+02, 3.74986231e-01, 4.27618164e+02, 3.90022095e+02,
       2.25177631e-02, 4.32744263e+02, 4.00889465e+02, 2.41227672e-02,
       4.32129150e+02, 4.01299561e+02, 1.59963574e-02, 4.14905365e+02,
       3.92072540e+02, 2.20607780e-02, 4.13675079e+02, 3.93302826e+02,
       1.41971558e-02, 4.16750763e+02, 4.07655975e+02, 2.26413347e-02,
       4.13880127e+02, 3.98428925e+02, 3.67315486e-02, 4.18391113e+02,
       3.91662445e+02, 5.73601089e-02, 4.19826447e+02, 3.88996857e+02,
       4.61190492e-02, 4.19826447e+02, 4.04375244e+02, 2.67554317e-02,
       4.16955811e+02, 3.99659210e+02, 4.47568409e-02, 4.19826447e+02,
       3.96378479e+02, 4.61579598e-02, 4.21466797e+02, 3.96378479e+02,
       3.84745039e-02, 4.24542480e+02, 3.89817047e+02, 1.85229387e-02,
       4.16750763e+02, 4.03144989e+02, 3.72226499e-02, 4.21056702e+02,
       4.04580292e+02, 3.05889659e-02, 4.22081940e+02, 3.96378479e+02,
       2.26045270e-02, 4.28643372e+02, 4.02939941e+02, 2.67175939e-02,
       4.26592926e+02, 4.06220642e+02, 2.95693148e-02, 4.26182831e+02,
       4.10116516e+02, 4.37996984e-02, 4.25772736e+02, 4.14217407e+02,
       2.17063725e-02, 1.41975784e+02, 4.38783875e+02, 3.35726663e-02,
       1.47179596e+02, 4.36181976e+02, 2.57200804e-02, 1.44577682e+02,
       4.49191498e+02, 4.05241512e-02, 1.67994843e+02, 4.50592529e+02,
       2.93166656e-02, 1.42576218e+02, 4.49391663e+02, 1.60943586e-02,
       1.45778564e+02, 4.47790466e+02, 7.10704923e-02, 1.67594559e+02,
       4.49391663e+02, 1.21172786e-01, 1.66793961e+02, 4.52794128e+02,
       5.92423752e-02, 1.42175919e+02, 4.52393860e+02, 2.85465308e-02,
       1.61790298e+02, 4.39784607e+02, 2.10559163e-02, 1.63391479e+02,
       4.49191498e+02, 4.76823635e-02, 1.58988251e+02, 4.52593994e+02,
       3.42810191e-02, 1.58387802e+02, 4.52393860e+02, 1.83633491e-02,
       1.47379745e+02, 4.50992828e+02, 1.43071366e-02, 1.58587952e+02,
       4.46789734e+02, 3.87854613e-02, 1.57587219e+02, 4.50792664e+02,
       4.29566875e-02, 1.55785904e+02, 4.50992828e+02, 2.59107649e-02,
       1.48580612e+02, 4.46789734e+02, 2.35207621e-02, 1.55986038e+02,
       4.46389465e+02, 5.86740784e-02, 1.56586487e+02, 4.51993561e+02,
       4.91618440e-02, 1.56186188e+02, 4.51593262e+02, 2.56155226e-02,
       3.13445435e+02, 3.14830750e+02, 1.27912492e-01, 3.11453857e+02,
       3.26780243e+02, 1.14046119e-01, 3.09462280e+02, 3.45202393e+02,
       6.27164915e-02, 3.18424408e+02, 3.48687683e+02, 3.58610190e-02,
       3.07221741e+02, 3.50430298e+02, 1.11272465e-02, 3.31867584e+02,
       3.29269745e+02, 4.35102768e-02, 3.33610229e+02, 3.38480804e+02,
       2.77567841e-02, 3.13694397e+02, 3.48687683e+02, 2.42958795e-02,
       3.15685974e+02, 3.46945038e+02, 1.09190941e-02, 3.29129150e+02,
       3.36240265e+02, 4.30647470e-02, 3.29627045e+02, 3.41468170e+02,
       4.71455231e-02, 3.29627045e+02, 3.40472382e+02, 2.17158068e-02,
       3.16183868e+02, 3.47194000e+02, 1.20298481e-02, 3.27635468e+02,
       3.30265533e+02, 4.31732014e-02, 3.26888641e+02, 3.40970276e+02,
       4.42660004e-02, 3.29378113e+02, 3.40970276e+02, 2.05016714e-02,
       3.15934906e+02, 3.47194000e+02, 1.22469086e-02, 3.24150208e+02,
       3.27527100e+02, 5.64478450e-02, 3.18673340e+02, 3.48438721e+02,
       4.62999456e-02, 3.17428589e+02, 3.48438721e+02, 2.67675817e-02,
       3.15437012e+02, 3.48189789e+02, 1.35252038e-02, 0., 0., 0., 0.,
       0., 0., 0., 0., 0., 0., 0., 0., 0., 0., 0., 0., 0., 0., 0., 0.,
       0., 0., 0., 0., 0., 0., 0., 0., 0., 0., 0., 0., 0., 0., 0., 0.,
       0., 0., 0., 0., 0., 0., 0., 0., 0., 0., 0., 0., 0., 0., 0., 0.,
       0., 0., 0., 0., 0., 0., 0., 0., 0., 0., 0. ]
