%YAML:1.0
---
face_0: !!opencv-matrix
   rows: 8
   cols: 70
   dt: "3f"
   data: [ 3.55533234e+02, 2.58081940e+02, 1.34434760e-01,
       3.55083374e+02, 2.61793457e+02, 3.04449469e-01, 3.54858429e+02,
       2.65729889e+02, 3.17286283e-01, 3.55083374e+02, 2.69553894e+02,
       1.20759308e-01, 3.54745941e+02, 2.44135651e+02, 1.55709730e-02,
       3.55083374e+02, 2.74052673e+02, 9.86882951e-03, 3.60032043e+02,
       2.73490326e+02, 2.71061882e-02, 3.74765625e+02, 2.49871628e+02,
       2.91655026e-03, 3.74765625e+02, 2.49759155e+02, 2.01214920e-03,
       3.74653137e+02, 2.48521988e+02, 3.17377001e-02, 3.74203278e+02,
       2.47734695e+02, 1.41125061e-02, 3.74540680e+02, 2.49646683e+02,
       4.09819633e-02, 3.56433014e+02, 2.73265381e+02, 7.32509568e-02,
       3.71279053e+02, 2.43235886e+02, 5.13447300e-02, 3.61156738e+02,
       2.69666351e+02, 5.63167594e-02, 3.63743561e+02, 2.67304474e+02,
       5.70024624e-02, 3.70041870e+02, 2.55832535e+02, 2.91977543e-02,
       3.58682404e+02, 2.55832535e+02, 1.43814152e-02, 3.63743561e+02,
       2.56732300e+02, 1.37802865e-02, 3.65318146e+02, 2.62018372e+02,
       1.25687774e-02, 3.65318146e+02, 2.62018372e+02, 1.66276172e-02,
       3.65318146e+02, 2.62018372e+02, 4.02083126e-04, 3.58682404e+02,
       2.57744537e+02, 2.34302977e-04, 3.60256989e+02, 2.62243317e+02,
       9.12693868e-05, 3.72178802e+02, 2.61118622e+02, 2.69012526e-05,
       3.56433014e+02, 2.59544037e+02, -1.35363516e-04, 3.71054108e+02,
       2.62355804e+02, 2.50586942e-02, 3.57107819e+02, 2.59319092e+02,
       8.39550048e-03, 3.58232513e+02, 2.61231110e+02, 3.65340784e-02,
       3.56995361e+02, 2.61118622e+02, 5.93847260e-02, 3.67455078e+02,
       2.58531830e+02, 2.18949392e-02, 3.61044281e+02, 2.59206635e+02,
       8.10121670e-02, 3.64643311e+02, 2.60218872e+02, 1.47610679e-02,
       3.64755798e+02, 2.59656525e+02, 6.09049713e-03, 3.65655548e+02,
       2.59656525e+02, 7.16375373e-03, 3.66330383e+02, 2.60331329e+02,
       3.86281461e-02, 3.61944031e+02, 2.57744537e+02, 2.34787818e-02,
       3.62843811e+02, 2.58531830e+02, 1.43394563e-02, 3.63743561e+02,
       2.59544037e+02, 8.59573111e-03, 3.65543091e+02, 2.59544037e+02,
       3.88912554e-03, 3.55645721e+02, 2.60443817e+02, 7.73906568e-03,
       3.62956268e+02, 2.58644287e+02, 5.34498021e-02, 3.56545471e+02,
       2.59431580e+02, 2.97728227e-04, 3.56657959e+02, 2.59319092e+02,
       3.33533353e-05, 3.56545471e+02, 2.59431580e+02, 5.27812408e-05,
       3.56545471e+02, 2.59431580e+02, 1.11125584e-04, 3.56545471e+02,
       2.59206635e+02, 3.60401100e-05, 3.56545471e+02, 2.59544037e+02,
       2.07907680e-04, 3.55645721e+02, 2.70228699e+02, 2.79348082e-04,
       3.56433014e+02, 2.59094177e+02, 1.37325772e-03, 3.56433014e+02,
       2.58981689e+02, 9.20207705e-03, 3.56433014e+02, 2.58981689e+02,
       8.05989467e-03, 3.56545471e+02, 2.59431580e+02, 1.30609225e-03,
       3.64530853e+02, 2.59431580e+02, 2.83397967e-03, 3.60256989e+02,
       2.62243317e+02, 1.28519768e-02, 3.64530853e+02, 2.59431580e+02,
       1.41354487e-03, 3.64530853e+02, 2.59431580e+02, 1.04065875e-04,
       3.55758179e+02, 2.59544037e+02, 1.63740362e-03, 3.60256989e+02,
       2.62243317e+02, 1.92124615e-04, 3.56545471e+02, 2.59319092e+02,
       2.49317265e-04, 3.54858429e+02, 2.60331329e+02, 5.96489175e-04,
       3.55645721e+02, 2.59544037e+02, 3.31916776e-03, 3.55645721e+02,
       2.59656525e+02, 4.38923528e-03, 3.55645721e+02, 2.61006165e+02,
       1.10347392e-02, 3.64530853e+02, 2.59431580e+02, 6.04004487e-02,
       3.56545471e+02, 2.59319092e+02, 8.56523809e-04, 3.56545471e+02,
       2.58644287e+02, 8.88916943e-03, 3.56545471e+02, 2.58644287e+02,
       3.34150344e-03, 3.62956268e+02, 2.58644287e+02, 9.72434506e-03,
       3.56657959e+02, 2.59656525e+02, 1.75251873e-04, 5.40326172e+02,
       2.88912384e+02, 7.78111696e-01, 5.40691223e+02, 2.92562653e+02,
       6.68049872e-01, 5.41968811e+02, 2.95665405e+02, 7.20264494e-01,
       5.43611450e+02, 2.98768158e+02, 7.01108873e-01, 5.46349182e+02,
       3.01870911e+02, 7.60843217e-01, 5.49269409e+02, 3.04791138e+02,
       6.91844821e-01, 5.52554688e+02, 3.07346344e+02, 6.93617642e-01,
       5.56752502e+02, 3.08623962e+02, 7.57235229e-01, 5.60950317e+02,
       3.06981323e+02, 7.68687725e-01, 5.64965637e+02, 3.03513550e+02,
       6.97271705e-01, 5.67885925e+02, 2.99863251e+02, 6.63318694e-01,
       5.69711060e+02, 2.95665405e+02, 6.68954790e-01, 5.70806152e+02,
       2.91285065e+02, 6.19561374e-01, 5.70623596e+02, 2.86904724e+02,
       5.95900238e-01, 5.69528503e+02, 2.82524353e+02, 5.93569636e-01,
       5.67885925e+02, 2.78144012e+02, 5.18386841e-01, 5.65330688e+02,
       2.73946167e+02, 3.86486501e-01, 5.37588440e+02, 2.83984467e+02,
       8.56857896e-01, 5.39048584e+02, 2.82524353e+02, 8.18250656e-01,
       5.40873718e+02, 2.81246765e+02, 8.04209590e-01, 5.43063904e+02,
       2.81064240e+02, 7.50318170e-01, 5.44706543e+02, 2.81064240e+02,
       6.98454618e-01, 5.47809265e+02, 2.79056580e+02, 7.18780696e-01,
       5.49451904e+02, 2.76866394e+02, 7.36832857e-01, 5.52007141e+02,
       2.75223785e+02, 7.90140748e-01, 5.54744873e+02, 2.73763672e+02,
       7.77365327e-01, 5.57665100e+02, 2.73581146e+02, 7.14331210e-01,
       5.47444275e+02, 2.83619446e+02, 8.46492469e-01, 5.47626770e+02,
       2.85809631e+02, 9.18192744e-01, 5.47809265e+02, 2.88364838e+02,
       9.76737916e-01, 5.48356812e+02, 2.91102539e+02, 7.86341190e-01,
       5.48904358e+02, 2.93840271e+02, 7.46350944e-01, 5.49999451e+02,
       2.93657745e+02, 7.01708257e-01, 5.51277039e+02, 2.93110199e+02,
       6.85142457e-01, 5.52189636e+02, 2.92562653e+02, 6.73163414e-01,
       5.53467224e+02, 2.91467590e+02, 6.27028167e-01, 5.40873718e+02,
       2.88182312e+02, 6.95800841e-01, 5.41786316e+02, 2.86904724e+02,
       5.67697942e-01, 5.43428955e+02, 2.85809631e+02, 5.18871605e-01,
       5.44889038e+02, 2.85444580e+02, 4.66445386e-01, 5.43611450e+02,
       2.86904724e+02, 5.43228030e-01, 5.42151306e+02, 2.87999786e+02,
       6.39157295e-01, 5.52007141e+02, 2.81611786e+02, 8.82139504e-01,
       5.52372131e+02, 2.79786652e+02, 8.88034761e-01, 5.54744873e+02,
       2.78691559e+02, 8.36228430e-01, 5.56570007e+02, 2.78509033e+02,
       8.90231788e-01, 5.55474915e+02, 2.80516693e+02, 7.90390730e-01,
       5.53649780e+02, 2.81429260e+02, 9.12366390e-01, 5.50912048e+02,
       2.99680725e+02, 8.18508685e-01, 5.51824585e+02, 2.97308044e+02,
       8.57645631e-01, 5.52554688e+02, 2.96030457e+02, 7.55919993e-01,
       5.53832275e+02, 2.95847931e+02, 7.78496563e-01, 5.55109863e+02,
       2.94570312e+02, 7.99914777e-01, 5.57665100e+02, 2.94205292e+02,
       8.70033562e-01, 5.60220276e+02, 2.94205292e+02, 7.16494083e-01,
       5.58942688e+02, 2.95847931e+02, 8.28242183e-01, 5.57482544e+02,
       2.97490570e+02, 7.71441400e-01, 5.56204956e+02, 2.98585663e+02,
       7.90404141e-01, 5.54744873e+02, 2.99315704e+02, 8.00074100e-01,
       5.53284729e+02, 3.00045776e+02, 8.15563977e-01, 5.52007141e+02,
       2.98768158e+02, 9.08371449e-01, 5.53649780e+02, 2.97308044e+02,
       8.56739104e-01, 5.54927368e+02, 2.97125519e+02, 8.21767449e-01,
       5.56204956e+02, 2.95847931e+02, 8.58768106e-01, 5.59307739e+02,
       2.94387817e+02, 7.57541597e-01, 5.56204956e+02, 2.95847931e+02,
       8.24821234e-01, 5.54927368e+02, 2.97125519e+02, 8.34295630e-01,
       5.53649780e+02, 2.97308044e+02, 8.28254819e-01, 5.42333862e+02,
       2.86904724e+02, 4.03882533e-01, 5.53832275e+02, 2.79786652e+02,
       8.03994238e-01, 7.52888565e+01, 2.80957733e+02, 6.23399258e-01,
       7.56971893e+01, 2.85449463e+02, 7.09649682e-01, 7.59013596e+01,
       2.90145355e+02, 7.71718264e-01, 7.63097000e+01, 2.94637054e+02,
       7.55790830e-01, 7.71263733e+01, 2.98924622e+02, 7.44125903e-01,
       7.85555573e+01, 3.03416351e+02, 7.58610487e-01, 8.12097549e+01,
       3.06683044e+02, 7.66075850e-01, 8.57014771e+01, 3.08520569e+02,
