%YAML:1.0
---
face_0: !!opencv-matrix
   rows: 6
   cols: 70
   dt: "3f"
   data: [ 2.60392334e+02, 1.78046402e+02, 3.81317675e-01,
       2.56297852e+02, 1.80182632e+02, 1.90684408e-01, 2.52915482e+02,
       1.82674911e+02, 2.43806988e-01, 2.50423203e+02, 1.87481461e+02,
       3.77346426e-01, 2.48464981e+02, 1.91753937e+02, 4.37564492e-01,
       2.47396866e+02, 1.96916519e+02, 5.52442670e-01, 2.47752899e+02,
       2.01901077e+02, 6.64160073e-01, 2.49889145e+02, 2.06351578e+02,
       7.37132013e-01, 2.53805588e+02, 2.10446030e+02, 7.06202030e-01,
       2.59146179e+02, 2.14540497e+02, 5.70405960e-01, 2.65910950e+02,
       2.16142670e+02, 4.68164921e-01, 2.73209747e+02, 2.16142670e+02,
       3.92559171e-01, 2.79618469e+02, 2.13472366e+02, 3.54845524e-01,
       2.84603027e+02, 2.09021881e+02, 3.41952860e-01, 2.88875519e+02,
       2.03503250e+02, 2.35354722e-01, 2.88697510e+02, 1.95314331e+02,
       1.22680880e-01, 2.88697510e+02, 1.91753937e+02, 1.86042190e-01,
       2.64842834e+02, 1.73595901e+02, 5.87986290e-01, 2.66979065e+02,
       1.73595901e+02, 7.28629768e-01, 2.68937286e+02, 1.74842041e+02,
       8.15465808e-01, 2.70717468e+02, 1.76444214e+02, 8.38311613e-01,
       2.71607574e+02, 1.78224411e+02, 7.68729806e-01, 2.75702026e+02,
       1.81962830e+02, 7.70913422e-01, 2.78550354e+02, 1.82140854e+02,
       7.28129923e-01, 2.81042633e+02, 1.83030960e+02, 5.25882542e-01,
       2.84247009e+02, 1.83743042e+02, 3.13678890e-01, 2.85849182e+02,
       1.86235321e+02, 1.09325379e-01, 2.70539459e+02, 1.83743042e+02,
       7.98634946e-01, 2.68225189e+02, 1.86591354e+02, 8.52245092e-01,
       2.65732910e+02, 1.89795715e+02, 8.19568694e-01, 2.63952728e+02,
       1.93000076e+02, 7.66921937e-01, 2.60748352e+02, 1.91931961e+02,
       6.93498373e-01, 2.61638458e+02, 1.93534134e+02, 8.61082494e-01,
       2.63062622e+02, 1.94958298e+02, 8.81876588e-01, 2.65376892e+02,
       1.95848389e+02, 6.97624743e-01, 2.67335114e+02, 1.96204437e+02,
       5.02614200e-01, 2.64308746e+02, 1.77690353e+02, 7.34486401e-01,
       2.65910950e+02, 1.78224411e+02, 7.05438972e-01, 2.67157074e+02,
       1.79292542e+02, 7.53311217e-01, 2.67869171e+02, 1.80538681e+02,
       7.08213151e-01, 2.66801025e+02, 1.79648575e+02, 6.72785640e-01,
       2.65732910e+02, 1.78936493e+02, 6.82708263e-01, 2.75346008e+02,
       1.86947403e+02, 7.75945187e-01, 2.77126190e+02, 1.87303436e+02,
       7.13882089e-01, 2.78550354e+02, 1.88015518e+02, 7.54221618e-01,
       2.79974518e+02, 1.89083633e+02, 8.37478638e-01, 2.78194305e+02,
       1.88905609e+02, 7.68091917e-01, 2.76592133e+02, 1.87837494e+02,
       7.72983193e-01, 2.57365967e+02, 1.94424240e+02, 8.21723402e-01,
       2.59858276e+02, 1.95136322e+02, 7.91985631e-01, 2.61460449e+02,
       1.96382462e+02, 8.72842014e-01, 2.62528564e+02, 1.97806610e+02,
       8.41993809e-01, 2.64308746e+02, 1.98162659e+02, 8.58731687e-01,
       2.66445007e+02, 2.00298889e+02, 8.31308126e-01, 2.68581238e+02,
       2.03147217e+02, 8.75451684e-01, 2.65198853e+02, 2.02435135e+02,
       8.26538622e-01, 2.62528564e+02, 2.01901077e+02, 9.12360668e-01,
       2.60214294e+02, 2.00654938e+02, 9.44155693e-01, 2.58968170e+02,
       1.99408798e+02, 8.69590402e-01, 2.57900055e+02, 1.97628601e+02,
       7.99045563e-01, 2.58256073e+02, 1.94958298e+02, 8.22855115e-01,
       2.60392334e+02, 1.97628601e+02, 9.21900630e-01, 2.61638458e+02,
       1.99052750e+02, 9.31811810e-01, 2.63240631e+02, 1.99586823e+02,
       8.68465781e-01, 2.67513123e+02, 2.02079102e+02, 9.52491283e-01,
       2.63240631e+02, 1.99764832e+02, 8.52525234e-01, 2.61638458e+02,
       1.99052750e+02, 9.67606425e-01, 2.60392334e+02, 1.97806610e+02,
       9.06281292e-01, 2.66266968e+02, 1.79114517e+02, 6.04524016e-01,
       2.77482239e+02, 1.87837494e+02, 6.91614091e-01, 3.21049347e+02,
       1.05983307e+02, 1.28192797e-01, 3.22341827e+02, 1.10345360e+02,
       2.08470568e-01, 3.24280518e+02, 1.15030533e+02, 2.51496792e-01,
       3.27188568e+02, 1.19231033e+02, 3.95208001e-01, 3.31389069e+02,
       1.22785301e+02, 4.21046078e-01, 3.37528259e+02, 1.25047112e+02,
       4.51005995e-01, 3.43990540e+02, 1.24400879e+02, 5.12520313e-01,
       3.49321960e+02, 1.24077766e+02, 5.03697395e-01, 3.53684021e+02,
       1.21492844e+02, 5.37860930e-01, 3.56753601e+02, 1.18746361e+02,
       5.03614902e-01, 3.58207642e+02, 1.14868980e+02, 5.00969768e-01,
       3.59500092e+02, 1.10022247e+02, 4.67945158e-01, 3.59823212e+02,
       1.05660187e+02, 5.46360850e-01, 3.59338531e+02, 1.01136574e+02,
       5.18730521e-01, 3.57076721e+02, 9.70976334e+01, 4.40189272e-01,
       3.54653351e+02, 9.43511505e+01, 4.50183183e-01, 3.52714661e+02,
       9.16046677e+01, 4.34594959e-01, 3.29773468e+02, 9.85516510e+01,
       7.51058936e-01, 3.31389069e+02, 9.67745209e+01, 7.92529166e-01,
       3.33973969e+02, 9.49973831e+01, 7.79929340e-01, 3.36720459e+02,
       9.43511505e+01, 7.96252966e-01, 3.39628510e+02, 9.45127106e+01,
       7.42082000e-01, 3.43667450e+02, 9.28971329e+01, 4.82515156e-01,
       3.44313660e+02, 9.09584427e+01, 4.92614150e-01, 3.45767700e+02,
       8.95044250e+01, 6.19528890e-01, 3.47867950e+02, 8.83735199e+01,
       6.06175542e-01, 3.49645081e+02, 8.82119598e+01, 4.92434382e-01,
       3.43182770e+02, 9.75823059e+01, 7.08348393e-01, 3.45283020e+02,
       1.00651901e+02, 7.94148803e-01, 3.47221710e+02, 1.03398384e+02,
       7.03390002e-01, 3.49321960e+02, 1.06144859e+02, 7.43363678e-01,
       3.45283020e+02, 1.09537575e+02, 7.16558874e-01, 3.47544830e+02,
       1.09214462e+02, 7.44084835e-01, 3.49806641e+02, 1.08568230e+02,
       8.15525532e-01, 3.50937531e+02, 1.06952652e+02, 7.47242987e-01,
       3.51745331e+02, 1.05498634e+02, 7.23708749e-01, 3.33166199e+02,
       1.01944366e+02, 7.40280569e-01, 3.34620209e+02, 1.00651901e+02,
       7.55513668e-01, 3.36397339e+02, 9.98441162e+01, 7.07143366e-01,
       3.38659149e+02, 1.00813461e+02, 6.52149320e-01, 3.36720459e+02,
       1.02267479e+02, 7.11567104e-01, 3.34943329e+02, 1.02429039e+02,
       7.82892704e-01, 3.45606140e+02, 9.61282883e+01, 5.86329997e-01,
       3.46575470e+02, 9.43511505e+01, 5.50388932e-01, 3.48029510e+02,
       9.32202454e+01, 5.72537363e-01, 3.49806641e+02, 9.30586929e+01,
       5.56327760e-01, 3.49160400e+02, 9.46742706e+01, 5.76210022e-01,
       3.47544830e+02, 9.56436157e+01, 5.49256146e-01, 3.43990540e+02,
       1.15192093e+02, 7.13137090e-01, 3.46737030e+02, 1.13576515e+02,
       7.73245156e-01, 3.49321960e+02, 1.12122498e+02, 8.42453301e-01,
       3.50614410e+02, 1.11314713e+02, 7.82139063e-01, 3.51745331e+02,
       1.09860687e+02, 7.20516086e-01, 3.53199341e+02, 1.08729782e+02,
       5.33361375e-01, 3.54653351e+02, 1.08245110e+02, 3.52453828e-01,
       3.54168701e+02, 1.11153152e+02, 5.31681418e-01, 3.53037781e+02,
       1.13091843e+02, 5.77295005e-01, 3.51906891e+02, 1.14545860e+02,
       5.44258893e-01, 3.50614410e+02, 1.15515205e+02, 5.05844176e-01,
       3.47544830e+02, 1.16161438e+02, 5.95329404e-01, 3.45121460e+02,
       1.15030533e+02, 7.58440256e-01, 3.49645081e+02, 1.13414955e+02,
       6.14036500e-01, 3.51422211e+02, 1.12607170e+02, 6.40901744e-01,
       3.52391541e+02, 1.11153152e+02, 4.89140630e-01, 3.54007141e+02,
       1.08891342e+02, 3.48456949e-01, 3.52229980e+02, 1.11314713e+02,
       5.51279008e-01, 3.51260651e+02, 1.12607170e+02, 6.26812458e-01,
       3.49645081e+02, 1.13738075e+02, 6.77651286e-01, 3.35266449e+02,
       1.00975014e+02, 7.53322780e-01, 3.47383270e+02, 9.45127106e+01,
       4.55166131e-01, 3.77822388e+02, 1.17853256e+02, 4.25170302e-01,
       3.78013916e+02, 1.20726326e+02, 3.15320820e-01, 3.79546204e+02,
       1.23599403e+02, 2.55870521e-01, 3.81078522e+02, 1.25706329e+02,
       2.50908613e-01, 3.82610840e+02, 1.28387863e+02, 3.52439106e-01,
       3.85292358e+02, 1.31452484e+02, 2.87820071e-01, 3.87590820e+02,
       1.33367859e+02, 1.43301338e-01, 3.93145447e+02, 1.31452484e+02,
