%YAML:1.0
---
pose_0: !!opencv-matrix
   rows: 5
   cols: 25
   dt: "3f"
   data: [ 2.50649399e+02, 2.76519897e+02, 8.51768851e-01,
       2.36104782e+02, 2.89349182e+02, 7.92138994e-01, 2.24857391e+02,
       2.79778992e+02, 8.44643772e-01, 2.15163757e+02, 3.03915283e+02,
       8.36310267e-01, 2.34555054e+02, 3.08781250e+02, 7.12954700e-01,
       2.42652557e+02, 2.91063049e+02, 7.60144413e-01, 2.40997116e+02,
       3.16821747e+02, 4.02880937e-01, 2.41023865e+02, 3.16830963e+02,
       3.50174278e-01, 2.15232697e+02, 3.29786346e+02, 8.38943720e-01,
       2.10350739e+02, 3.28117096e+02, 8.32109094e-01, 1.87727570e+02,
       3.65256165e+02, 8.26021194e-01, 1.61895432e+02, 3.79856049e+02,
       6.88251734e-01, 2.24890076e+02, 3.32991028e+02, 8.13951850e-01,
       2.08733719e+02, 3.66915680e+02, 7.70713925e-01, 1.89333694e+02,
       3.92682465e+02, 8.15691888e-01, 2.49078583e+02, 2.71647217e+02,
       7.72963345e-01, 2.52287552e+02, 2.74921448e+02, 7.09952652e-01,
       2.39364975e+02, 2.66829224e+02, 7.31264353e-01, 2.55551880e+02,
       2.76554749e+02, 9.91519839e-02, 1.97445358e+02, 4.04013397e+02,
       6.58704758e-01, 1.99057007e+02, 4.02422089e+02, 6.88271403e-01,
       1.84533646e+02, 3.92734131e+02, 6.75755560e-01, 1.73230255e+02,
       3.92703674e+02, 4.59254324e-01, 1.63564499e+02, 3.87880798e+02,
       4.16892678e-01, 1.58679855e+02, 3.79810089e+02, 4.86021608e-01,
       4.33126556e+02, 2.31340149e+02, 5.91995418e-01, 4.44427795e+02,
       2.52379868e+02, 8.68105054e-01, 4.31406403e+02, 2.53906235e+02,
       8.12712133e-01, 4.07276642e+02, 2.50613983e+02, 6.12962604e-01,
       3.91128845e+02, 2.29734741e+02, 4.70177591e-01, 4.58946899e+02,
       2.52336792e+02, 8.60393047e-01, 4.71852631e+02, 2.84564636e+02,
       8.25673640e-01, 4.47612793e+02, 3.00681244e+02, 7.45108724e-01,
       4.47671661e+02, 3.05593567e+02, 7.16311038e-01, 4.34735718e+02,
       3.07190277e+02, 7.15070963e-01, 4.16971741e+02, 3.26504974e+02,
       8.07762265e-01, 4.31408234e+02, 3.81402283e+02, 7.14464188e-01,
       4.62123749e+02, 3.05556549e+02, 7.07141101e-01, 4.55673645e+02,
       3.24953857e+02, 8.01767230e-01, 4.75061432e+02, 3.78227753e+02,
       7.29936004e-01, 4.31501617e+02, 2.26498306e+02, 5.05076289e-01,
       4.37949402e+02, 2.26467575e+02, 6.39509261e-01, 4.29815216e+02,
       2.29699646e+02, 1.34857193e-01, 4.47595062e+02, 2.28070557e+02,
       6.98234379e-01, 4.70249695e+02, 3.89504822e+02, 5.01628518e-01,
       4.76679657e+02, 3.89487610e+02, 4.72210348e-01, 4.76676880e+02,
       3.81425934e+02, 4.95776862e-01, 4.23399933e+02, 3.92679993e+02,
       5.05082965e-01, 4.18562866e+02, 3.89508820e+02, 5.13714075e-01,
       4.34745361e+02, 3.84646332e+02, 4.83421236e-01, 3.66937286e+02,
       2.44217316e+02, 4.20898288e-01, 3.55630463e+02, 2.58764923e+02,
       6.84409678e-01, 3.41128662e+02, 2.53924728e+02, 6.31898582e-01,
       3.29834717e+02, 2.78180969e+02, 4.25439447e-01, 3.62076263e+02,
       2.76491943e+02, 2.31764778e-01, 3.70178436e+02, 2.61999084e+02,
       6.38165653e-01, 3.81421570e+02, 2.89360779e+02, 5.20610809e-01,
       3.78181946e+02, 2.87805725e+02, 3.00861657e-01, 3.53984711e+02,
       3.02281860e+02, 7.93180704e-01, 3.41105865e+02, 3.02271027e+02,
       7.69385219e-01, 3.57263794e+02, 3.28091736e+02, 8.22793365e-01,
       3.66923187e+02, 3.79854919e+02, 8.41751337e-01, 3.66866821e+02,
       3.02305267e+02, 7.67410159e-01, 3.89491028e+02, 3.21710205e+02,
       8.10316741e-01, 3.92656311e+02, 3.79868042e+02, 8.31843972e-01,
       3.66832825e+02, 2.39360489e+02, 4.53303635e-01, 3.68559418e+02,
       2.41041031e+02, 3.41767430e-01, 3.55665802e+02, 2.37748581e+02,
       3.96465808e-01, 3.71728729e+02, 2.49019196e+02, 1.05293646e-01,
       3.95969788e+02, 3.89514893e+02, 4.24415171e-01, 4.04028839e+02,
       3.84685089e+02, 4.69777972e-01, 3.87869415e+02, 3.83065063e+02,
       5.31560004e-01, 3.79793610e+02, 3.89485748e+02, 5.45571208e-01,
       3.68494446e+02, 3.91144531e+02, 5.56287527e-01, 3.66857727e+02,
       3.83060089e+02, 5.58009088e-01, 5.46055542e+02, 2.65163849e+02,
       4.56762999e-01, 5.60533081e+02, 2.74932709e+02, 6.44204736e-01,
       5.49335632e+02, 2.76555664e+02, 6.02028966e-01, 5.49313293e+02,
       2.94304901e+02, 2.84943551e-01, 5.47714294e+02, 3.05572083e+02,
       1.65109277e-01, 5.65434753e+02, 2.71658203e+02, 5.93617022e-01,
       5.73484619e+02, 2.91002533e+02, 4.13849264e-01, 5.62219666e+02,
       2.94263458e+02, 2.09542990e-01, 5.73454590e+02, 3.13642975e+02,
       6.10864639e-01, 5.65431763e+02, 3.15214294e+02, 5.72534561e-01,
       5.79984619e+02, 3.44341370e+02, 4.80653048e-01, 5.97739441e+02,
       3.76570160e+02, 4.37815845e-01, 5.75173828e+02, 3.10443237e+02,
       6.12570345e-01, 5.89673218e+02, 3.41097137e+02, 4.68098760e-01,
       6.09011230e+02, 3.70151703e+02, 4.08562273e-01, 5.41232727e+02,
       2.63594788e+02, 2.75675267e-01, 5.47624268e+02, 2.61990112e+02,
       4.44834650e-01, 5.41248901e+02, 2.65183380e+02, 5.87784946e-02,
       5.50973755e+02, 2.58753540e+02, 4.21514571e-01, 6.02594910e+02,
       3.79851776e+02, 2.62690425e-01, 6.10634277e+02, 3.79835968e+02,
       2.99388468e-01, 6.07435669e+02, 3.76563904e+02, 3.13155323e-01,
       5.94518799e+02, 3.81475281e+02, 2.92734832e-01, 5.89662598e+02,
       3.81436310e+02, 3.16574067e-01, 5.99362793e+02, 3.78215454e+02,
       3.57665062e-01, 3.02382019e+02, 2.76421936e+02, 4.44164932e-01,
       3.00700500e+02, 2.82990173e+02, 3.81764442e-01, 2.89451538e+02,
       2.79725739e+02, 3.68299752e-01, 2.79771027e+02, 2.91095337e+02,
       1.99651808e-01, 2.81370087e+02, 3.03942780e+02, 1.42401353e-01,
       3.05582397e+02, 2.87780457e+02, 3.71205091e-01, 3.07210175e+02,
       3.02312531e+02, 1.75673559e-01, 3.03947693e+02, 3.03933044e+02,
       1.34862632e-01, 2.92705902e+02, 3.07199280e+02, 1.43858016e-01,
       2.89487823e+02, 3.05578918e+02, 1.56386465e-01, 0., 0., 0., 0.,
       0., 0., 3.02262634e+02, 3.10405304e+02, 1.39876693e-01, 0., 0.,
       0., 0., 0., 0., 3.02304047e+02, 2.71674164e+02, 4.13790435e-01,
       3.03931274e+02, 2.73310547e+02, 4.07258749e-01, 2.95903503e+02,
       2.71672302e+02, 2.66931325e-01, 3.05542297e+02, 2.74929230e+02,
       2.03289688e-01, 0., 0., 0., 0., 0., 0., 0., 0., 0., 0., 0., 0.,
       0., 0., 0., 0., 0., 0. ]
