%YAML:1.0
---
hand_left_0: !!opencv-matrix
   rows: 1
   cols: 21
   dt: "3f"
   data: [ 3.60812073e+02, 4.36871765e+02, 1.06451120e-02,
       3.61946014e+02, 4.35317810e+02, 1.65384524e-02, 3.58292145e+02,
       4.33301880e+02, 1.25314137e-02, 3.58208160e+02, 4.33217896e+02,
       1.12235462e-02, 3.56780212e+02, 4.36367767e+02, 7.00118579e-03,
       3.59006134e+02, 4.34267853e+02, 1.25513580e-02, 3.58670135e+02,
       4.34561829e+02, 1.34997414e-02, 3.58880127e+02, 4.34981812e+02,
       9.42039769e-03, 3.56780212e+02, 4.36367767e+02, 4.52244096e-03,
       3.59636108e+02, 4.34645844e+02, 2.52215322e-02, 3.59006134e+02,
       4.34729828e+02, 1.83428470e-02, 3.59468109e+02, 4.34897827e+02,
       9.42006148e-03, 3.59930084e+02, 4.34477844e+02, 2.69655720e-03,
       3.59930084e+02, 4.34771820e+02, 3.27894874e-02, 3.59552124e+02,
       4.34981812e+02, 1.89974830e-02, 3.59762115e+02, 4.34939819e+02,
       1.19571239e-02, 3.60056091e+02, 4.34393860e+02, 6.57356856e-03,
       3.60266083e+02, 4.34855835e+02, 1.68245733e-02, 3.61862030e+02,
       4.35569794e+02, 1.15652615e-02, 3.59720093e+02, 4.35569794e+02,
       9.74589121e-03, 3.60812073e+02, 4.36955750e+02, 7.24998629e-03 ]
