%YAML:1.0
---
hand_right_0: !!opencv-matrix
   rows: 1
   cols: 21
   dt: "3f"
   data: [ 2.38961105e+02, 4.60691742e+02, 4.67729092e-01,
       2.50985229e+02, 4.62946289e+02, 4.03215647e-01, 2.57373047e+02,
       4.67079590e+02, 9.61186737e-02, 2.57373047e+02, 4.74594666e+02,
       1.00643590e-01, 2.60379089e+02, 4.80606720e+02, 5.44130653e-02,
       2.61882111e+02, 4.68582581e+02, 6.05883360e-01, 2.66766907e+02,
       4.77600677e+02, 6.97529435e-01, 2.61130585e+02, 4.80230957e+02,
       3.09205681e-01, 2.52112488e+02, 4.79103699e+02, 2.12223783e-01,
       2.57748810e+02, 4.75346161e+02, 6.00774348e-01, 2.57748810e+02,
       4.87746033e+02, 6.34163439e-01, 2.49857971e+02, 4.87746033e+02,
       5.04979134e-01, 2.45724670e+02, 4.83988495e+02, 4.67582971e-01,
       2.50985229e+02, 4.80982483e+02, 5.89038312e-01, 2.50985229e+02,
       4.93006592e+02, 7.82592297e-01, 2.43094391e+02, 4.90752075e+02,
       5.15808702e-01, 2.39336853e+02, 4.86243042e+02, 3.69199634e-01,
       2.42342880e+02, 4.83988495e+02, 6.27383411e-01, 2.41215622e+02,
       4.95261139e+02, 6.61318898e-01, 2.36706573e+02, 4.93758118e+02,
       5.99510968e-01, 2.33700546e+02, 4.90000580e+02, 3.83771211e-01 ]
