%YAML:1.0
---
hand_left_0: !!opencv-matrix
   rows: 2
   cols: 21
   dt: "3f"
   data: [ 3.00755157e+02, 2.64928040e+02, 3.47020440e-02,
       3.03429932e+02, 2.70850739e+02, 3.51049677e-02, 2.88527649e+02,
       2.71997070e+02, 5.10213822e-02, 2.89673981e+02, 2.80594543e+02,
       1.69297457e-02, 2.84133392e+02, 2.88809906e+02, 1.07614035e-02,
       2.90629242e+02, 2.74098694e+02, 2.79780388e-01, 2.90056091e+02,
       2.77155548e+02, 3.13956924e-02, 2.89865021e+02, 2.89765167e+02,
       3.20545882e-02, 2.88527649e+02, 2.95496826e+02, 1.64111070e-02,
       2.96360901e+02, 2.74671844e+02, 1.70007005e-01, 2.97507233e+02,
       2.85370911e+02, 6.95998967e-02, 3.04767303e+02, 2.89765167e+02,
       2.63364408e-02, 2.88527649e+02, 2.95687866e+02, 2.15510987e-02,
       3.01901489e+02, 2.73334473e+02, 2.16067910e-01, 3.03429932e+02,
       2.82887207e+02, 7.42547363e-02, 3.04194153e+02, 2.84415649e+02,
       2.14199461e-02, 2.89291870e+02, 2.96069977e+02, 1.67833958e-02,
       3.07633118e+02, 2.74289734e+02, 2.54863262e-01, 3.06868896e+02,
       2.81931915e+02, 7.49517903e-02, 3.07059967e+02, 2.81358765e+02,
       3.02035641e-02, 3.05340485e+02, 2.76200287e+02, 1.27685266e-02,
       5.75021667e+02, 2.80968933e+02, 8.69709924e-02, 5.75021667e+02,
       2.76516357e+02, 1.57937646e-01, 5.75021667e+02, 2.70528381e+02,
       2.56078511e-01, 5.74100464e+02, 2.69453644e+02, 5.07881045e-02,
       5.73179260e+02, 2.67918243e+02, 2.57680416e-02, 5.70262024e+02,
       2.77130493e+02, 1.63955949e-02, 5.73946899e+02, 2.71603149e+02,
       1.28589170e-02, 5.74868164e+02, 2.75288055e+02, 2.94421744e-02,
       5.72104492e+02, 2.79433563e+02, 2.96049751e-02, 5.70108521e+02,
       2.77591095e+02, 9.48858820e-03, 5.69340820e+02, 2.77744659e+02,
       7.64141697e-03, 5.69647888e+02, 2.77744659e+02, 1.23653430e-02,
       5.71183228e+02, 2.78972931e+02, 1.99716296e-02, 5.69954956e+02,
       2.77898193e+02, 1.15754912e-02, 5.69187256e+02, 2.78051727e+02,
       9.67294909e-03, 5.69801392e+02, 2.78358795e+02, 1.05882799e-02,
       5.70108521e+02, 2.78205261e+02, 9.10719391e-03, 5.68880188e+02,
       2.80508331e+02, 1.18176248e-02, 5.58439636e+02, 2.77591095e+02,
       8.68679211e-03, 5.57671997e+02, 2.76976959e+02, 2.33166683e-02,
       5.57671997e+02, 2.76976959e+02, 9.60405730e-03 ]
