%YAML:1.0
---
hand_right_0: !!opencv-matrix
   rows: 2
   cols: 21
   dt: "3f"
   data: [ 4.52885345e+02, 4.37262726e+02, 1.80406086e-02,
       4.60850586e+02, 4.69920105e+02, 4.26616613e-03, 4.63771149e+02,
       4.46289978e+02, 4.62922268e-03, 4.64036652e+02, 4.46289978e+02,
       4.45463415e-03, 4.55274933e+02, 4.44431427e+02, 4.77268035e-03,
       4.69081299e+02, 4.57441284e+02, 4.56015673e-03, 4.72001862e+02,
       4.63016937e+02, 4.59023425e-03, 4.65364197e+02, 4.46024475e+02,
       3.88491154e-03, 4.91118378e+02, 4.77885345e+02, 8.55391286e-03,
       4.68284760e+02, 4.57441284e+02, 4.25067544e-03, 4.71470856e+02,
       4.63282440e+02, 5.02643501e-03, 4.72001862e+02, 4.63547943e+02,
       3.86014278e-03, 4.91118378e+02, 4.78150848e+02, 1.42674465e-02,
       4.68815796e+02, 4.57175781e+02, 3.99686024e-03, 4.71470856e+02,
       4.63282440e+02, 7.07920687e-03, 4.72001862e+02, 4.63547943e+02,
       5.68249729e-03, 4.90852875e+02, 4.78416351e+02, 1.03629380e-02,
       4.50761292e+02, 4.64078949e+02, 7.90416822e-03, 4.73329407e+02,
       4.64344482e+02, 7.91497994e-03, 4.72798401e+02, 4.65671997e+02,
       6.18472695e-03, 4.90852875e+02, 4.80009399e+02, 4.12687752e-03,
       7.87101288e+01, 4.99510101e+02, 1.54138133e-01, 8.81575241e+01,
       4.94111603e+02, 2.21844018e-01, 1.05927620e+02, 4.95686157e+02,
       5.29883087e-01, 1.15150070e+02, 5.02434296e+02, 3.26599836e-01,
       1.22348083e+02, 5.06483185e+02, 1.26158431e-01, 1.06152557e+02,
       5.04683685e+02, 6.39410853e-01, 1.18974014e+02, 5.10981934e+02,
       4.75594819e-01, 1.22348083e+02, 5.13231323e+02, 1.54612631e-01,
       1.22348083e+02, 5.14131104e+02, 9.56231728e-02, 1.02328613e+02,
       5.12331604e+02, 6.47783935e-01, 1.14025383e+02, 5.18404907e+02,
       5.54637194e-01, 1.22348083e+02, 5.21329102e+02, 2.25449905e-01,
       1.22348083e+02, 5.24253296e+02, 9.06239673e-02, 9.96293564e+01,
       5.19304626e+02, 5.42633653e-01, 1.10201439e+02, 5.26277710e+02,
       4.87102747e-01, 1.17399452e+02, 5.27177490e+02, 3.19780678e-01,
       1.20548584e+02, 5.28527100e+02, 2.16082722e-01, 9.53555374e+01,
       5.23353516e+02, 4.68325377e-01, 1.03453300e+02, 5.30101685e+02,
       4.05616343e-01, 1.09976501e+02, 5.33700684e+02, 3.84728134e-01,
       1.14475258e+02, 5.35500183e+02, 4.12839264e-01 ]
