%YAML:1.0
---
face_0: !!opencv-matrix
   rows: 14
   cols: 70
   dt: "3f"
   data: [ 1.48829346e+02, 1.84943527e+02, 1.10270306e-01,
       1.46780869e+02, 1.89381897e+02, 3.14828426e-01, 1.48146515e+02,
       1.95015198e+02, 4.65400100e-01, 1.50365707e+02, 2.00819214e+02,
       4.21479970e-01, 1.52755600e+02, 2.06111115e+02, 4.74632740e-01,
       1.56169724e+02, 2.10208069e+02, 6.28050625e-01, 1.60095963e+02,
       2.13622208e+02, 6.42442822e-01, 1.63680801e+02, 2.16865631e+02,
       7.27399409e-01, 1.67094925e+02, 2.18401978e+02, 8.01389635e-01,
       1.70850479e+02, 2.18401978e+02, 7.86801457e-01, 1.73752487e+02,
       2.16694916e+02, 7.11521208e-01, 1.76483780e+02, 2.13451492e+02,
       6.01447701e-01, 1.78702972e+02, 2.10037369e+02, 4.62715924e-01,
       1.79385788e+02, 2.06281830e+02, 5.73638916e-01, 1.80410034e+02,
       2.02355576e+02, 5.15442431e-01, 1.79897919e+02, 1.98429337e+02,
       4.85607028e-01, 1.79044373e+02, 1.95015198e+02, 3.85043740e-01,
       1.62997971e+02, 1.84431412e+02, 7.62184262e-01, 1.65729279e+02,
       1.84089996e+02, 8.11002612e-01, 1.68460587e+02, 1.84260696e+02,
       8.86493564e-01, 1.71021179e+02, 1.85455643e+02, 8.09351206e-01,
       1.72557541e+02, 1.87162704e+02, 6.77934051e-01, 1.76483780e+02,
       1.89211182e+02, 5.80915511e-01, 1.77678726e+02, 1.88357651e+02,
       6.27717257e-01, 1.78702972e+02, 1.88186951e+02, 6.61871672e-01,
       1.80068619e+02, 1.88186951e+02, 6.55177474e-01, 1.81604980e+02,
       1.88528366e+02, 5.98609507e-01, 1.74606018e+02, 1.92113190e+02,
       7.60604143e-01, 1.75118134e+02, 1.95015198e+02, 8.48668098e-01,
       1.75459549e+02, 1.97917206e+02, 9.07140553e-01, 1.76142365e+02,
       2.00819214e+02, 8.59652817e-01, 1.70509064e+02, 2.02014160e+02,
       7.99184680e-01, 1.71704010e+02, 2.03038406e+02, 7.89699912e-01,
       1.73240356e+02, 2.03550522e+02, 8.59855592e-01, 1.74606018e+02,
       2.03550522e+02, 8.68954480e-01, 1.75630249e+02, 2.03379822e+02,
       8.15968990e-01, 1.64363632e+02, 1.89381897e+02, 8.64616096e-01,
       1.66070694e+02, 1.89381897e+02, 7.96018600e-01, 1.68119171e+02,
       1.89552597e+02, 8.55711102e-01, 1.69484818e+02, 1.90235428e+02,
       8.81908000e-01, 1.67607056e+02, 1.90064713e+02, 7.97919750e-01,
       1.65729279e+02, 1.89723312e+02, 8.90888631e-01, 1.75800964e+02,
       1.92454605e+02, 8.86426330e-01, 1.76825195e+02, 1.91942490e+02,
       8.67590487e-01, 1.78190842e+02, 1.91771774e+02, 8.59784722e-01,
       1.79215088e+02, 1.92796021e+02, 7.86234021e-01, 1.78020142e+02,
       1.93649551e+02, 8.25181365e-01, 1.76654495e+02, 1.93478851e+02,
       8.56846929e-01, 1.66070694e+02, 2.07476776e+02, 8.11641097e-01,
       1.68289871e+02, 2.06111115e+02, 8.82251024e-01, 1.70167648e+02,
       2.05769714e+02, 8.15467238e-01, 1.71362595e+02, 2.06281830e+02,
       8.49262834e-01, 1.72557541e+02, 2.06281830e+02, 8.88616800e-01,
       1.73923187e+02, 2.07476776e+02, 9.92980242e-01, 1.74776718e+02,
       2.08842422e+02, 8.84463072e-01, 1.73411072e+02, 2.10208069e+02,
       9.25161183e-01, 1.71533295e+02, 2.10549484e+02, 8.43327045e-01,
       1.69996933e+02, 2.10378784e+02, 8.46154213e-01, 1.68631287e+02,
       2.10037369e+02, 9.06205893e-01, 1.67094925e+02, 2.08842422e+02,
       8.24560225e-01, 1.67265640e+02, 2.07476776e+02, 8.55168641e-01,
       1.69655533e+02, 2.07306061e+02, 9.45274234e-01, 1.71021179e+02,
       2.07647476e+02, 8.93302083e-01, 1.72216125e+02, 2.07818192e+02,
       8.92822862e-01, 1.73752487e+02, 2.08842422e+02, 9.69297290e-01,
       1.72216125e+02, 2.08501007e+02, 8.90233934e-01, 1.71021179e+02,
       2.08330307e+02, 8.65997374e-01, 1.69655533e+02, 2.07476776e+02,
       8.89006495e-01, 1.66753525e+02, 1.89552597e+02, 7.86110282e-01,
       1.77337311e+02, 1.92454605e+02, 8.62157941e-01, 0., 0., 0., 0.,
       0., 0., 0., 0., 0., 0., 0., 0., 0., 0., 0., 0., 0., 0., 0., 0.,
       0., 0., 0., 0., 0., 0., 0., 0., 0., 0., 0., 0., 0., 0., 0., 0.,
       0., 0., 0., 0., 0., 0., 0., 0., 0., 0., 0., 0., 0., 0., 0., 0.,
       0., 0., 0., 0., 0., 0., 0., 0., 0., 0., 0., 0., 0., 0., 0., 0.,
       0., 0., 0., 0., 0., 0., 0., 0., 0., 0., 0., 0., 0., 0., 0., 0.,
       0., 0., 0., 0., 0., 0., 0., 0., 0., 0., 0., 0., 0., 0., 0., 0.,
       0., 0., 0., 0., 0., 0., 0., 0., 0., 0., 0., 0., 0., 0., 0., 0.,
       0., 0., 0., 0., 0., 0., 0., 0., 0., 0., 0., 0., 0., 0., 0., 0.,
       0., 0., 0., 0., 0., 0., 0., 0., 0., 0., 0., 0., 0., 0., 0., 0.,
       0., 0., 0., 0., 0., 0., 0., 0., 0., 0., 0., 0., 0., 0., 0., 0.,
       0., 0., 0., 0., 0., 0., 0., 0., 0., 0., 0., 0., 0., 0., 0., 0.,
       0., 0., 0., 0., 0., 0., 0., 0., 0., 0., 0., 0., 0., 0., 0., 0.,
       0., 0., 0., 0., 0., 0., 0., 0., 0., 0., 0., 0., 0., 0., 0., 0.,
       0., 0., 0., 0., 0., 0., 0., 0., 0., 0., 0., 0., 0., 0., 0., 0.,
       0., 0., 0., 0., 0., 0., 0., 0., 0., 0., 0., 0., 0., 0., 0., 0.,
       0., 0., 0., 0., 0., 0., 0., 0., 0., 0., 0., 0., 0., 0., 0., 0.,
       0., 0., 0., 0., 0., 0., 0., 0., 0., 0., 0., 0., 0., 0., 0., 0.,
       0., 0., 0., 0., 0., 0., 0., 0., 0., 0., 0., 0., 0., 0., 0., 0.,
       0., 0., 0., 0., 0., 0., 0., 0., 0., 0., 0., 0., 0., 0., 0., 0.,
       0., 0., 0., 0., 0., 0., 0., 0., 0., 0., 0., 0., 0., 0., 0., 0.,
       0., 0., 0., 0., 0., 0., 0., 0., 0., 0., 0., 0., 0., 0., 0., 0.,
       0., 0., 0., 0., 0., 0., 0., 0., 0., 0., 0., 0., 0., 0., 0., 0.,
       0., 0., 0., 0., 0., 0., 0., 0., 0., 0., 0., 0., 0., 0., 0., 0.,
       0., 0., 0., 0., 0., 0., 0., 0., 0., 0., 0., 0., 0., 0., 0., 0.,
       0., 0., 0., 0., 0., 0., 0., 0., 0., 0., 0., 0., 0., 0., 0., 0.,
       0., 0., 0., 0., 0., 0., 0., 0., 0., 0., 0., 0., 0., 0., 0., 0.,
       2.71390747e+02, 2.36277481e+02, 2.55506605e-01, 2.72635101e+02,
       2.39263901e+02, 3.06519896e-01, 2.74501617e+02, 2.42125900e+02,
       4.27798152e-01, 2.76368134e+02, 2.44739029e+02, 5.41854024e-01,
       2.78607971e+02, 2.47352158e+02, 5.36508858e-01, 2.81594391e+02,
       2.49094238e+02, 4.87359256e-01, 2.85078583e+02, 2.49965286e+02,
       5.99817574e-01, 2.88313873e+02, 2.49591980e+02, 5.92346609e-01,
       2.91424744e+02, 2.48098755e+02, 5.05482078e-01, 2.94162292e+02,
       2.46481110e+02, 3.44936311e-01, 2.96899841e+02, 2.43867981e+02,
       2.23630607e-01, 2.99512970e+02, 2.42250336e+02, 1.62947878e-01,
       3.01379517e+02, 2.40632690e+02, 8.59513730e-02, 3.01255066e+02,
       2.35655304e+02, 5.79501800e-02, 2.97397583e+02, 2.32419998e+02,
       1.53146729e-01, 2.96153259e+02, 2.29433563e+02, 2.13425845e-01,
       2.94286743e+02, 2.26571579e+02, 3.53298575e-01, 2.71141907e+02,
       2.35281998e+02, 1.00958794e-01, 2.71888489e+02, 2.32295563e+02,
       1.66824505e-01, 2.73008423e+02, 2.31673386e+02, 2.67958641e-01,
       2.74128326e+02, 2.30926788e+02, 3.42432737e-01, 2.76368134e+02,
       2.30553482e+02, 3.31740409e-01, 2.81221100e+02, 2.27069305e+02,
       5.36502063e-01, 2.82216583e+02, 2.25700531e+02, 7.37611890e-01,
       2.83336487e+02, 2.24580627e+02, 8.32774162e-01, 2.85203003e+02,
       2.23585144e+02, 7.71138668e-01, 2.87069519e+02, 2.23460709e+02,
       5.68432808e-01, 2.80723358e+02, 2.32171127e+02, 4.68127996e-01,
       2.81843262e+02, 2.33788788e+02, 5.27270377e-01, 2.82714325e+02,
       2.35655304e+02, 6.12034321e-01, 2.83585358e+02, 2.37646255e+02,
       6.12468779e-01, 2.82589874e+02, 2.40757126e+02, 3.92355233e-01,
       2.83834229e+02, 2.40134949e+02, 4.40016866e-01, 2.85203003e+02,
       2.39015030e+02, 5.41446269e-01, 2.86322906e+02, 2.38019562e+02,
       6.28188014e-01, 2.87442841e+02, 2.36775208e+02, 5.15906692e-01,
       2.73506165e+02, 2.36277481e+02, 3.10843289e-01, 2.74626068e+02,
       2.36401901e+02, 3.63059968e-01, 2.76492584e+02, 2.36526337e+02,
       4.40057576e-01, 2.77488068e+02, 2.36153046e+02, 3.86653006e-01,
       2.76368134e+02, 2.36277481e+02, 4.89950448e-01, 2.75123810e+02,
       2.36277481e+02, 4.39439952e-01, 2.84829712e+02, 2.30553482e+02,
