%YAML:1.0
---
hand_left_0: !!opencv-matrix
   rows: 7
   cols: 21
   dt: "3f"
   data: [ 4.13351929e+02, 4.47163849e+02, 2.93450594e-01,
       4.27067078e+02, 4.43380371e+02, 2.06155688e-01, 4.47403290e+02,
       4.28719360e+02, 9.81037021e-02, 4.47403290e+02, 4.13585419e+02,
       7.22850710e-02, 4.19500092e+02, 3.89465698e+02, 7.79606104e-02,
       4.45511566e+02, 4.09801941e+02, 2.74478406e-01, 4.32742310e+02,
       3.94195038e+02, 2.82299370e-01, 4.24229462e+02, 3.82844604e+02,
       1.84161305e-01, 4.20918915e+02, 3.79534058e+02, 1.11422651e-01,
       4.40309265e+02, 4.09328979e+02, 1.74054891e-01, 4.29904694e+02,
       3.92776245e+02, 2.53356248e-01, 4.22337708e+02, 3.81898712e+02,
       1.61460787e-01, 4.18081299e+02, 3.77642303e+02, 6.89208657e-02,
       4.33688171e+02, 4.10274872e+02, 1.54595867e-01, 4.26121185e+02,
       3.97505615e+02, 1.75464958e-01, 4.20445953e+02, 3.86628082e+02,
       1.06202886e-01, 4.13824860e+02, 3.79534058e+02, 7.74262622e-02,
       4.28485870e+02, 4.13112488e+02, 1.45325214e-01, 4.23756531e+02,
       4.01762024e+02, 1.24546893e-01, 4.17135406e+02, 3.94667999e+02,
       1.36152774e-01, 4.14297791e+02, 3.88992767e+02, 1.01416528e-01,
       1.82546173e+02, 3.23519348e+02, 5.77664897e-02, 1.88385223e+02,
       3.23070190e+02, 3.90172750e-02, 1.83669067e+02, 3.33625427e+02,
       2.75201462e-02, 1.98715866e+02, 3.30481323e+02, 3.25872414e-02,
       1.94224289e+02, 3.39015320e+02, 1.60558932e-02, 1.92203079e+02,
       3.34523743e+02, 2.06228476e-02, 1.93999710e+02, 3.42833160e+02,
       2.33129878e-02, 1.88834381e+02, 3.40138214e+02, 1.79226492e-02,
       1.93550552e+02, 3.35422058e+02, 1.38923032e-02, 1.91529327e+02,
       3.45752716e+02, 1.44300843e-02, 1.93325974e+02, 3.43731476e+02,
       2.91182436e-02, 1.87936066e+02, 3.42159424e+02, 1.79831367e-02,
       1.92427658e+02, 3.34748322e+02, 1.31142046e-02, 1.91304749e+02,
       3.46201874e+02, 1.33554786e-02, 1.93775131e+02, 3.44629791e+02,
       2.02298090e-02, 1.87262329e+02, 3.46426453e+02, 1.26240514e-02,
       1.91529327e+02, 3.35197479e+02, 1.23257553e-02, 1.99838760e+02,
       3.50244293e+02, 1.31904045e-02, 1.93775131e+02, 3.51367188e+02,
       1.37478411e-02, 1.90631012e+02, 3.58553711e+02, 1.16461944e-02,
       1.91753906e+02, 3.35422058e+02, 1.02938060e-02, 0., 0., 0., 0.,
       0., 0., 0., 0., 0., 0., 0., 0., 0., 0., 0., 0., 0., 0., 0., 0.,
       0., 0., 0., 0., 0., 0., 0., 0., 0., 0., 0., 0., 0., 0., 0., 0.,
       0., 0., 0., 0., 0., 0., 0., 0., 0., 0., 0., 0., 0., 0., 0., 0.,
       0., 0., 0., 0., 0., 0., 0., 0., 0., 0., 0., 2.54451447e+02,
       1.66285416e+02, 1.36703365e-02, 2.60368439e+02, 1.73780273e+02,
       1.67227164e-02, 2.60368439e+02, 1.76147064e+02, 1.54520106e-02,
       2.55832077e+02, 1.83050217e+02, 2.67149210e-02, 2.56621002e+02,
       1.76147064e+02, 1.44693665e-02, 2.59579498e+02, 1.80091721e+02,
       1.97860748e-02, 2.64904785e+02, 1.77133224e+02, 2.19790023e-02,
       2.65693726e+02, 1.76344299e+02, 4.08456922e-02, 2.57212708e+02,
       1.77527695e+02, 1.67605709e-02, 2.60368439e+02, 1.81472351e+02,
       2.19082106e-02, 2.64707550e+02, 1.79500031e+02, 5.34731075e-02,
       2.64707550e+02, 1.75752594e+02, 8.09484422e-02, 2.64904785e+02,
       1.74174728e+02, 4.25456688e-02, 2.58593323e+02, 1.86600418e+02,
       2.28488259e-02, 2.60762909e+02, 1.80486191e+02, 8.08542669e-02,
       2.61749054e+02, 1.77527695e+02, 1.12140708e-01, 2.61749054e+02,
       1.75358139e+02, 6.39355406e-02, 2.68652222e+02, 1.81669586e+02,
       1.58653837e-02, 2.57212708e+02, 1.84825317e+02, 5.43313175e-02,
       2.57212708e+02, 1.80880661e+02, 8.97875801e-02, 2.57607178e+02,
       1.77527695e+02, 1.36474535e-01, 0., 0., 0., 0., 0., 0., 0., 0.,
       0., 0., 0., 0., 0., 0., 0., 0., 0., 0., 0., 0., 0., 0., 0., 0.,
       0., 0., 0., 0., 0., 0., 0., 0., 0., 0., 0., 0., 0., 0., 0., 0.,
       0., 0., 0., 0., 0., 0., 0., 0., 0., 0., 0., 0., 0., 0., 0., 0.,
       0., 0., 0., 0., 0., 0., 0., 0., 0., 0., 0., 0., 0., 0., 0., 0.,
       0., 0., 0., 0., 0., 0., 0., 0., 0., 0., 0., 0., 0., 0., 0., 0.,
       0., 0., 0., 0., 0., 0., 0., 0., 0., 0., 0., 0., 0., 0., 0., 0.,
       0., 0., 0., 0., 0., 0., 0., 0., 0., 0., 0., 0., 0., 0., 0., 0.,
       0., 0., 0., 0., 0., 0., 0., 0., 0., 0., 0., 0., 0., 0., 0., 0.,
       0., 0., 0., 0., 0., 0., 0., 0., 0., 0., 0., 0., 0., 0., 0., 0.,
       0., 0., 0., 0., 0., 0., 0., 0., 0., 0., 0., 0., 0., 0., 0., 0.,
       0., 0., 0., 0., 0., 0., 0., 0., 0., 0., 0., 0., 0., 0., 0., 0.,
       0., 0., 0., 0., 0. ]
