%YAML:1.0
---
hand_right_0: !!opencv-matrix
   rows: 3
   cols: 21
   dt: "3f"
   data: [ 2.80693665e+02, 3.54872650e+02, 2.84410715e-02,
       2.69418427e+02, 3.87137177e+02, 3.39467041e-02, 2.80173248e+02,
       3.69617188e+02, 4.91600409e-02, 2.71500000e+02, 3.67188690e+02,
       6.78460374e-02, 2.71500000e+02, 3.65800964e+02, 3.35418433e-02,
       2.74101990e+02, 3.77770050e+02, 2.47505829e-02, 2.73061188e+02,
       3.76902740e+02, 1.83251761e-02, 2.70285736e+02, 3.73433411e+02,
       2.55366117e-02, 2.72367340e+02, 3.64413239e+02, 1.41076166e-02,
       2.79305939e+02, 3.86790253e+02, 1.06106037e-02, 2.81387512e+02,
       3.86443298e+02, 1.33819701e-02, 2.78785553e+02, 3.90433014e+02,
       2.23438554e-02, 2.82775238e+02, 3.89565674e+02, 1.65327676e-02,
       2.78612091e+02, 3.86790253e+02, 1.66779757e-02, 2.79652863e+02,
       3.86616791e+02, 1.15486663e-02, 2.79826324e+02, 3.90433014e+02,
       1.26597900e-02, 2.75489716e+02, 3.64933624e+02, 1.56497788e-02,
       2.81214050e+02, 3.65974426e+02, 3.10540833e-02, 2.71500000e+02,
       3.66321350e+02, 1.10325115e-02, 2.72367340e+02, 3.91473816e+02,
       1.88809261e-02, 2.72367340e+02, 3.64760162e+02, 1.11616431e-02,
       1.64242493e+02, 4.88843079e+02, 2.86472328e-02, 1.65859421e+02,
       4.96029419e+02, 3.54191139e-02, 1.65140778e+02, 4.98544647e+02,
       3.32994424e-02, 1.65500092e+02, 4.98903961e+02, 1.57660488e-02,
       1.69093277e+02, 5.13276672e+02, 1.02146454e-02, 1.79513474e+02,
       5.01958160e+02, 3.06995250e-02, 1.72686447e+02, 5.02856445e+02,
       1.87939219e-02, 1.70530533e+02, 5.03036102e+02, 2.23787483e-02,
       1.69093277e+02, 5.00520874e+02, 1.23084839e-02, 1.75920303e+02,
       4.96748047e+02, 3.72585393e-02, 1.75740646e+02, 4.97466705e+02,
       2.83151399e-02, 1.71788147e+02, 5.01778503e+02, 2.88530439e-02,
       1.72147461e+02, 4.96388733e+02, 1.58874393e-02, 1.72327133e+02,
       4.97107361e+02, 3.26222293e-02, 1.74303375e+02, 4.97466705e+02,
       2.38190703e-02, 1.73225418e+02, 4.99981903e+02, 1.75090265e-02,
       1.72866104e+02, 5.00161560e+02, 1.39180878e-02, 1.69093277e+02,
       4.97287048e+02, 2.55133659e-02, 1.79513474e+02, 5.03754730e+02,
       1.60263032e-02, 1.79154160e+02, 4.90100677e+02, 1.40560903e-02,
       1.68913605e+02, 4.97466705e+02, 1.13393953e-02, 4.10130554e+02,
       5.07610626e+02, 1.47232385e-02, 4.07643280e+02, 5.07025391e+02,
       1.44857913e-02, 4.07789612e+02, 5.07610626e+02, 2.80858520e-02,
       4.18616577e+02, 5.06293823e+02, 5.53921685e-02, 4.16129303e+02,
       5.02928711e+02, 3.61039862e-02, 4.18762878e+02, 5.05854919e+02,
       3.07822935e-02, 4.07789612e+02, 5.05562286e+02, 4.71932888e-02,
       4.17007141e+02, 5.05415985e+02, 5.31187430e-02, 4.15690369e+02,
       5.03075012e+02, 3.48235965e-02, 4.18323944e+02, 5.07025391e+02,
       1.92460809e-02, 4.10423187e+02, 5.05415985e+02, 3.92979272e-02,
       4.18031311e+02, 5.07610626e+02, 2.85878275e-02, 4.16421906e+02,
       5.03075012e+02, 1.33139994e-02, 4.19348114e+02, 5.13316711e+02,
       1.49296569e-02, 4.12471527e+02, 5.06879089e+02, 2.56643835e-02,
       4.18323944e+02, 5.07756927e+02, 1.89088825e-02, 4.16129303e+02,
       5.05269653e+02, 1.10519240e-02, 4.14519867e+02, 5.17413391e+02,
       2.10080910e-02, 4.06326508e+02, 5.07317993e+02, 2.04068664e-02,
       4.05448639e+02, 5.06293823e+02, 1.87179968e-02, 4.15982971e+02,
       5.05415985e+02, 1.29162380e-02 ]
