%YAML:1.0
---
pose_0: !!opencv-matrix
   rows: 4
   cols: 25
   dt: "3f"
   data: [ 4.07684967e+02, 4.62702698e+02, 8.67783844e-01,
       4.16570923e+02, 4.84792969e+02, 8.73305202e-01, 3.96746979e+02,
       4.87038544e+02, 8.75249088e-01, 3.92230286e+02, 5.26578979e+02,
       8.34321082e-01, 4.09916382e+02, 5.50787292e+02, 8.66746008e-01,
       4.40685547e+02, 4.82633301e+02, 8.05084109e-01, 4.53907288e+02,
       5.17803040e+02, 2.76778877e-01, 4.62690918e+02, 5.46361572e+02,
       1.14255495e-01, 4.31848480e+02, 5.59548035e+02, 7.03050673e-01,
       4.14327148e+02, 5.61759705e+02, 6.94665134e-01, 4.14328278e+02,
       6.21178955e+02, 6.14405453e-01, 3.96747375e+02, 6.65265442e+02,
       4.78816718e-01, 4.47368164e+02, 5.57354004e+02, 6.55433595e-01,
       4.49491852e+02, 6.16829712e+02, 4.62632596e-01, 4.47338074e+02,
       6.74033997e+02, 2.97530949e-01, 3.98977478e+02, 4.56126678e+02,
       8.22204053e-01, 4.12043549e+02, 4.51779755e+02, 9.15425420e-01,
       3.98854187e+02, 4.64816315e+02, 1.14182979e-01, 4.23133575e+02,
       4.51771088e+02, 8.09869111e-01, 4.58319336e+02, 6.80629883e+02,
       2.20671609e-01, 4.64900940e+02, 6.78408325e+02, 2.48873636e-01,
       4.42907562e+02, 6.76279907e+02, 2.22928450e-01, 4.09857758e+02,
       6.78394287e+02, 3.10759127e-01, 3.96700928e+02, 6.76276245e+02,
       3.55157554e-01, 3.94506317e+02, 6.67442688e+02, 3.60634714e-01,
       2.42633469e+02, 5.55283447e+02, 8.09533119e-01, 2.20570648e+02,
       5.72725159e+02, 7.67553329e-01, 2.16180923e+02, 5.70639648e+02,
       8.91871989e-01, 2.40438034e+02, 5.90397461e+02, 8.61612797e-01,
       2.71230103e+02, 5.75030579e+02, 8.45221281e-01, 2.24997925e+02,
       5.72774109e+02, 6.98211432e-01, 2.38319168e+02, 6.01389465e+02,
       3.50929379e-01, 2.68979889e+02, 5.72850586e+02, 3.07394028e-01,
       2.09587860e+02, 6.30013123e+02, 5.99623263e-01, 2.00866623e+02,
       6.29998108e+02, 6.53675377e-01, 2.00741394e+02, 6.54229553e+02,
       6.18514776e-01, 1.98603867e+02, 6.93799561e+02, 4.97827441e-01,
       2.20531586e+02, 6.29992249e+02, 6.02760375e-01, 2.51463913e+02,
       6.38753845e+02, 6.98867500e-01, 2.33766388e+02, 6.78543457e+02,
       6.92381024e-01, 2.40382019e+02, 5.53039307e+02, 8.78100693e-01,
       2.47046112e+02, 5.55105469e+02, 2.44973555e-01, 2.29441788e+02,
       5.53046143e+02, 8.30905735e-01, 0., 0., 0., 2.49219116e+02,
       6.91593994e+02, 4.79339510e-01, 2.46997269e+02, 6.87213989e+02,
       4.76569176e-01, 2.20703659e+02, 6.82831360e+02, 5.57057083e-01,
       2.03046326e+02, 6.96066589e+02, 2.51601934e-01, 1.98536026e+02,
       6.96105286e+02, 2.37879992e-01, 2.00722641e+02, 6.93875854e+02,
       3.85456622e-01, 1.30312515e+02, 5.13335327e+02, 7.46631503e-01,
       0., 0., 0., 0., 0., 0., 0., 0., 0., 0., 0., 0., 0., 0., 0., 0.,
       0., 0., 0., 0., 0., 0., 0., 0., 0., 0., 0., 0., 0., 0., 0., 0.,
       0., 0., 0., 0., 0., 0., 0., 0., 0., 0., 1.28107834e+02,
       5.04604523e+02, 7.53033042e-01, 1.32527206e+02, 5.06775848e+02,
       6.58660412e-01, 0., 0., 0., 1.39147247e+02, 5.15479431e+02,
       1.41354501e-01, 0., 0., 0., 0., 0., 0., 0., 0., 0., 0., 0., 0.,
       0., 0., 0., 0., 0., 0., 1.03988312e+02, 5.00226196e+02,
       6.76138937e-01, 9.95638123e+01, 5.20002014e+02, 6.65458560e-01,
       9.72813644e+01, 5.22191589e+02, 8.07859659e-01, 1.03916878e+02,
       5.52935730e+02, 6.20507658e-01, 1.17127197e+02, 5.39749023e+02,
       4.16097283e-01, 1.03955536e+02, 5.19871643e+02, 5.58881819e-01,
       1.41334671e+02, 5.48601318e+02, 1.10158034e-01, 0., 0., 0.,
       1.01743881e+02, 5.79403809e+02, 5.34448147e-01, 9.72853165e+01,
       5.81567810e+02, 7.07540929e-01, 9.51358490e+01, 6.27868225e+02,
       5.47646582e-01, 9.29655609e+01, 6.78518066e+02, 5.19394219e-01,
       1.08350243e+02, 5.77241028e+02, 4.43514198e-01, 1.12749161e+02,
       6.25706421e+02, 3.38613778e-01, 9.73597260e+01, 6.78349487e+02,
       2.79236943e-01, 1.01765076e+02, 5.00065125e+02, 7.25564718e-01,
       0., 0., 0., 9.73722610e+01, 5.00219086e+02, 7.69601703e-01, 0.,
       0., 0., 1.19371323e+02, 6.82864380e+02, 1.91322401e-01,
       1.15007011e+02, 6.80650757e+02, 1.89755455e-01, 9.29452515e+01,
       6.82813416e+02, 1.51395604e-01, 1.12742210e+02, 6.87243469e+02,
       4.73999202e-01, 1.03948914e+02, 6.91613647e+02, 4.70930398e-01,
       8.63668060e+01, 6.87275452e+02, 3.73630732e-01 ]
