%YAML:1.0
---
hand_left_0: !!opencv-matrix
   rows: 7
   cols: 21
   dt: "3f"
   data: [ 4.53430939e+02, 3.09927979e+02, 9.21674520e-02,
       4.62381439e+02, 3.03712341e+02, 2.49556582e-02, 4.54922699e+02,
       2.73131500e+02, 1.54241417e-02, 4.55419952e+02, 2.74125977e+02,
       1.33049022e-02, 4.62630066e+02, 2.68407623e+02, 5.67028532e-03,
       4.53182312e+02, 2.84568237e+02, 3.76967564e-02, 4.52933716e+02,
       2.85314117e+02, 4.35111225e-02, 4.57160339e+02, 2.70893860e+02,
       1.60237998e-02, 4.58403442e+02, 2.68407623e+02, 7.25972885e-03,
       4.56911713e+02, 2.88794861e+02, 5.09848371e-02, 4.66608063e+02,
       2.80590240e+02, 2.54262630e-02, 4.70586060e+02, 2.78849854e+02,
       1.54921804e-02, 4.63375946e+02, 2.90783844e+02, 4.11820924e-03,
       4.62878693e+02, 2.92524231e+02, 5.48378229e-02, 4.65364929e+02,
       2.82330597e+02, 2.33358163e-02, 4.70337433e+02, 2.86557220e+02,
       1.59665737e-02, 4.68597076e+02, 2.88794861e+02, 1.15648359e-02,
       4.68099823e+02, 2.96750854e+02, 3.43775079e-02, 4.56414459e+02,
       2.77358124e+02, 1.76716018e-02, 4.70337433e+02, 2.87303101e+02,
       2.02415362e-02, 4.70337433e+02, 2.87800354e+02, 1.30166765e-02,
       3.07755341e+02, 4.13631866e+02, 6.26032054e-02, 3.00034729e+02,
       4.09904663e+02, 1.72692537e-01, 2.88054443e+02, 4.06709930e+02,
       2.08701521e-01, 2.76606598e+02, 4.09638458e+02, 1.49534792e-01,
       2.77405273e+02, 4.11768280e+02, 3.30508836e-02, 2.83528534e+02,
       4.11502045e+02, 2.12253988e-01, 2.77405273e+02, 4.22151184e+02,
       1.88662723e-01, 2.72080719e+02, 4.26943298e+02, 1.23584665e-01,
       2.65957458e+02, 4.29073151e+02, 6.33379370e-02, 2.86723297e+02,
       4.15229248e+02, 1.58609584e-01, 2.80333801e+02, 4.24281036e+02,
       1.45362914e-01, 2.74476776e+02, 4.29605591e+02, 1.57725513e-01,
       2.70483337e+02, 4.33332794e+02, 7.89536312e-02, 2.90982941e+02,
       4.17891541e+02, 1.42695189e-01, 2.84061005e+02, 4.25079712e+02,
       1.46768734e-01, 2.79268890e+02, 4.30670502e+02, 1.03180379e-01,
       2.71814484e+02, 4.34663940e+02, 7.97258541e-02, 2.93645233e+02,
       4.21352509e+02, 9.24731418e-02, 2.86190826e+02, 4.26144623e+02,
       7.82571733e-02, 2.83528534e+02, 4.29339355e+02, 7.97926784e-02,
       2.78203979e+02, 4.34930176e+02, 5.50991558e-02, 0., 0., 0., 0.,
       0., 0., 0., 0., 0., 0., 0., 0., 0., 0., 0., 0., 0., 0., 0., 0.,
       0., 0., 0., 0., 0., 0., 0., 0., 0., 0., 0., 0., 0., 0., 0., 0.,
       0., 0., 0., 0., 0., 0., 0., 0., 0., 0., 0., 0., 0., 0., 0., 0.,
       0., 0., 0., 0., 0., 0., 0., 0., 0., 0., 0., 4.91444672e+02,
       5.61944885e+02, 8.07875022e-02, 4.73613525e+02, 5.76451599e+02,
       1.65040325e-02, 4.78297974e+02, 5.74336060e+02, 2.04537772e-02,
       4.77391296e+02, 5.73882751e+02, 1.45410178e-02, 4.76333527e+02,
       5.73429382e+02, 4.02314961e-03, 4.75275726e+02, 5.74033813e+02,
       1.55316936e-02, 4.76031311e+02, 5.73580505e+02, 1.40310787e-02,
       4.76484619e+02, 5.73882751e+02, 9.69245657e-03, 4.80715759e+02,
       5.75091614e+02, 4.59026825e-03, 4.76031311e+02, 5.73278259e+02,
       1.12103550e-02, 4.78449097e+02, 5.75544983e+02, 8.16502329e-03,
       4.75880188e+02, 5.73278259e+02, 6.55622128e-03, 4.82075775e+02,
       5.76753845e+02, 3.12315184e-03, 4.76182404e+02, 5.73127197e+02,
       1.04645370e-02, 4.78600189e+02, 5.77358276e+02, 8.85336287e-03,
       4.77995758e+02, 5.78869385e+02, 8.49008560e-03, 4.76786865e+02,
       5.79624939e+02, 5.79654146e-03, 4.76635742e+02, 5.73278259e+02,
       1.11343917e-02, 4.75880188e+02, 5.73731628e+02, 8.60445667e-03,
       4.75124634e+02, 5.77962708e+02, 7.82448892e-03, 4.75880188e+02,
       5.78718323e+02, 6.31904043e-03, 0., 0., 0., 0., 0., 0., 0., 0.,
       0., 0., 0., 0., 0., 0., 0., 0., 0., 0., 0., 0., 0., 0., 0., 0.,
       0., 0., 0., 0., 0., 0., 0., 0., 0., 0., 0., 0., 0., 0., 0., 0.,
       0., 0., 0., 0., 0., 0., 0., 0., 0., 0., 0., 0., 0., 0., 0., 0.,
       0., 0., 0., 0., 0., 0., 0., 4.82704590e+02, 5.33691040e+02,
       1.53999310e-02, 4.76371826e+02, 4.77902313e+02, 2.16433853e-02,
       4.76371826e+02, 4.92678772e+02, 1.71382036e-02, 4.77578064e+02,
       4.92678772e+02, 1.54439295e-02, 4.76070251e+02, 4.92678772e+02,
       1.05499430e-02, 4.72451538e+02, 4.94186584e+02, 2.31038947e-02,
       4.75768707e+02, 4.92980347e+02, 1.92612074e-02, 4.76070251e+02,
       4.92678772e+02, 2.03376058e-02, 4.76070251e+02, 4.95091278e+02,
       1.38112269e-02, 4.73054657e+02, 4.92678772e+02, 2.35697776e-02,
       4.69435913e+02, 4.97202209e+02, 3.12324222e-02, 4.74260895e+02,
       4.94488159e+02, 2.69861910e-02, 4.75768707e+02, 4.94789703e+02,
       1.48834707e-02, 4.74864014e+02, 4.94488159e+02, 2.96618361e-02,
       4.72149963e+02, 4.97202209e+02, 2.58927662e-02, 4.68531219e+02,
       5.06550568e+02, 1.65358819e-02, 4.72451538e+02, 4.92678772e+02,
       1.09185530e-02, 4.76673370e+02, 4.95694397e+02, 4.60653491e-02,
       4.79990540e+02, 4.93583466e+02, 1.91233978e-02, 4.64309387e+02,
       5.08661499e+02, 1.54837426e-02, 4.64309387e+02, 5.08661499e+02,
       1.06228292e-02, 0., 0., 0., 0., 0., 0., 0., 0., 0., 0., 0., 0.,
       0., 0., 0., 0., 0., 0., 0., 0., 0., 0., 0., 0., 0., 0., 0., 0.,
       0., 0., 0., 0., 0., 0., 0., 0., 0., 0., 0., 0., 0., 0., 0., 0.,
       0., 0., 0., 0., 0., 0., 0., 0., 0., 0., 0., 0., 0., 0., 0., 0.,
       0., 0., 0. ]
