%YAML:1.0
---
pose_0: !!opencv-matrix
   rows: 6
   cols: 25
   dt: "3f"
   data: [ 5.99263123e+02, 2.32923965e+02, 8.54418337e-01,
       5.76727783e+02, 2.68447113e+02, 7.84267962e-01, 5.46028381e+02,
       2.73260834e+02, 7.38641739e-01, 5.58968140e+02, 3.44309143e+02,
       6.98612034e-01, 6.05792786e+02, 3.29844849e+02, 6.93658769e-01,
       6.12186401e+02, 2.65209656e+02, 7.20327675e-01, 6.26777588e+02,
       3.16869995e+02, 2.58279711e-01, 0., 0., 0., 5.70295959e+02,
       3.68556030e+02, 3.19689393e-01, 5.44476013e+02, 3.71763489e+02,
       2.74488628e-01, 5.88058594e+02, 3.94335297e+02, 6.75536022e-02,
       0., 0., 0., 5.96125000e+02, 3.66918365e+02, 3.30754459e-01,
       6.41301514e+02, 4.02387177e+02, 4.87098962e-01, 6.12239624e+02,
       4.89574066e+02, 1.84120968e-01, 5.84818970e+02, 2.26536926e+02,
       8.98998857e-01, 5.99331360e+02, 2.24837967e+02, 9.11465228e-01,
       5.60597778e+02, 2.37734695e+02, 7.32883811e-01, 0., 0., 0.,
       6.31636047e+02, 4.99297913e+02, 1.42606393e-01, 6.28420471e+02,
       4.97637238e+02, 1.44530475e-01, 5.75158264e+02, 4.96025940e+02,
       1.24190606e-01, 0., 0., 0., 0., 0., 0., 0., 0., 0.,
       4.49220276e+02, 1.97367874e+02, 8.34587991e-01, 4.33092163e+02,
       2.39349304e+02, 8.62869263e-01, 4.04051086e+02, 2.39450409e+02,
       7.39697933e-01, 4.13706757e+02, 3.12039917e+02, 2.53139675e-01,
       4.76673157e+02, 3.28208221e+02, 2.78251141e-01, 4.68552887e+02,
       2.37770309e+02, 7.57016659e-01, 5.08925385e+02, 2.89402130e+02,
       5.86098313e-01, 4.83191742e+02, 2.65189667e+02, 7.69934893e-01,
       4.46010956e+02, 3.41069366e+02, 3.31374019e-01, 4.23414703e+02,
       3.42720184e+02, 3.14041436e-01, 4.33062408e+02, 3.97584106e+02,
       6.56126067e-02, 4.31499695e+02, 4.47619690e+02, 5.42286448e-02,
       4.70213074e+02, 3.37859406e+02, 3.25894177e-01, 5.25094299e+02,
       3.83053558e+02, 9.93987024e-02, 0., 0., 0., 4.42755280e+02,
       1.87711624e+02, 9.00193036e-01, 4.55702362e+02, 1.87742828e+02,
       9.15856659e-01, 4.20219635e+02, 1.92605484e+02, 7.94502079e-01,
       0., 0., 0., 0., 0., 0., 0., 0., 0., 0., 0., 0., 0., 0., 0., 0.,
       0., 0., 4.31460693e+02, 4.44394196e+02, 6.11748807e-02,
       6.25245667e+02, 1.63572525e+02, 8.93339097e-01, 6.10627136e+02,
       2.00640823e+02, 7.23120868e-01, 5.86419739e+02, 2.02245941e+02,
       6.25649810e-01, 5.81591858e+02, 2.52305313e+02, 5.82050309e-02,
       0., 0., 0., 6.30031921e+02, 1.99050217e+02, 7.00569093e-01,
       6.39700989e+02, 2.52306564e+02, 1.06095098e-01, 0., 0., 0.,
       6.20314514e+02, 2.92690063e+02, 1.57251269e-01, 6.00990784e+02,
       2.94261505e+02, 1.69164672e-01, 0., 0., 0., 0., 0., 0.,
       6.36454956e+02, 2.94276855e+02, 1.63913578e-01, 0., 0., 0., 0.,
       0., 0., 6.15503357e+02, 1.60254150e+02, 9.22779918e-01,
       6.26817078e+02, 1.58670563e+02, 8.57960701e-01, 5.97714966e+02,
       1.61918945e+02, 8.44136834e-01, 0., 0., 0., 0., 0., 0., 0., 0.,
       0., 0., 0., 0., 0., 0., 0., 0., 0., 0., 0., 0., 0.,
       2.66830139e+02, 1.37713608e+02, 8.44198406e-01, 2.81335022e+02,
       1.73197006e+02, 7.29089737e-01, 2.49070877e+02, 1.86171036e+02,
       7.14668095e-01, 2.24877869e+02, 2.45877350e+02, 7.94345021e-01,
       1.87813568e+02, 2.23282166e+02, 8.17618668e-01, 3.16907745e+02,
       1.57091797e+02, 6.39330089e-01, 3.79765015e+02, 1.61931564e+02,
       8.19781125e-01, 4.20266754e+02, 1.21537148e+02, 8.57395172e-01,
       3.13625366e+02, 2.60389160e+02, 4.26092654e-01, 2.89409668e+02,
       2.66858398e+02, 4.73968059e-01, 2.74901855e+02, 3.49165283e+02,
       2.41289705e-01, 0., 0., 0., 3.36227234e+02, 2.52311050e+02,
       3.32838416e-01, 3.50776947e+02, 4.71813232e+02, 6.84847385e-02,
       0., 0., 0., 2.55530518e+02, 1.36077011e+02, 8.60885382e-01,
       2.70041351e+02, 1.27996155e+02, 8.04580808e-01, 2.42642136e+02,
       1.45781128e+02, 8.15150559e-01, 2.78231476e+02, 1.23206619e+02,
       7.97584772e-01, 0., 0., 0., 0., 0., 0., 0., 0., 0., 0., 0., 0.,
       0., 0., 0., 0., 0., 0., 5.57388916e+02, 1.18289497e+02,
       8.13356698e-01, 5.34811340e+02, 1.58648697e+02, 7.74840176e-01,
       4.97727722e+02, 1.61945480e+02, 8.06388974e-01, 4.97653229e+02,
       2.37817703e+02, 8.48412216e-01, 5.54178467e+02, 2.26539047e+02,
       5.63573837e-01, 5.71907654e+02, 1.48977127e+02, 6.81635380e-01,
       5.91277283e+02, 2.00636551e+02, 8.54605958e-02, 0., 0., 0.,
       5.47747314e+02, 2.71682434e+02, 4.32673752e-01, 5.23526245e+02,
       2.76488831e+02, 4.31073070e-01, 0., 0., 0., 0., 0., 0.,
       5.73472900e+02, 2.65251465e+02, 3.69651556e-01, 0., 0., 0., 0.,
       0., 0., 5.46028076e+02, 1.10355324e+02, 8.68231893e-01,
       5.58963379e+02, 1.08614586e+02, 8.31486940e-01, 5.23471008e+02,
       1.23227577e+02, 8.65697801e-01, 0., 0., 0., 0., 0., 0., 0., 0.,
       0., 0., 0., 0., 0., 0., 0., 0., 0., 0., 0., 0., 0.,
       3.66949005e+02, 2.28150757e+02, 7.17553556e-01, 3.55640106e+02,
       2.58740601e+02, 7.11018384e-01, 3.28165253e+02, 2.63612396e+02,
       7.11155415e-01, 2.91024292e+02, 3.23344391e+02, 7.95275807e-01,
       2.89389130e+02, 3.79870728e+02, 8.69933724e-01, 3.87888397e+02,
       2.52267487e+02, 6.01772070e-01, 4.07241943e+02, 2.91057556e+02,
       2.10819155e-01, 4.26639252e+02, 2.63591949e+02, 8.79907981e-02,
       3.50735931e+02, 3.65284088e+02, 3.32188517e-01, 3.26539886e+02,
       3.65287323e+02, 3.27924371e-01, 3.16901520e+02, 4.60517059e+02,
       2.69149154e-01, 2.28079056e+02, 4.55700836e+02, 4.50679243e-01,
       3.71749603e+02, 3.65294220e+02, 3.05639297e-01, 3.92717194e+02,
       4.45985291e+02, 1.17436156e-01, 4.07270660e+02, 4.89595337e+02,
       1.62852705e-01, 3.55648926e+02, 2.24809387e+02, 7.57960141e-01,
       3.73354004e+02, 2.20002045e+02, 7.46583343e-01, 3.42628998e+02,
       2.24911972e+02, 6.03271127e-01, 3.81467712e+02, 2.21613495e+02,
       2.17062339e-01, 4.58913788e+02, 5.08921295e+02, 9.93166640e-02,
       4.62125671e+02, 5.07303558e+02, 7.42258579e-02, 4.05676788e+02,
       4.96041260e+02, 1.40673041e-01, 1.87739319e+02, 4.70230072e+02,
       2.04242095e-01, 1.89362366e+02, 4.58937836e+02, 2.24102303e-01,
       0., 0., 0. ]
