%YAML:1.0
---
pose_0: !!opencv-matrix
   rows: 2
   cols: 25
   dt: "3f"
   data: [ 3.80048096e+02, 1.82519470e+02, 9.08102095e-01,
       3.84522736e+02, 2.06905426e+02, 8.75976324e-01, 3.64434937e+02,
       2.04759567e+02, 8.99458408e-01, 3.29055176e+02, 1.89151627e+02,
       8.45369399e-01, 3.11307220e+02, 1.66856247e+02, 8.78297389e-01,
       4.13248779e+02, 2.13522598e+02, 7.75167704e-01, 4.31064270e+02,
       2.42395340e+02, 2.52561033e-01, 0., 0., 0., 3.82305054e+02,
       2.75658905e+02, 5.05980611e-01, 3.64513428e+02, 2.73534821e+02,
       5.26112735e-01, 3.71172455e+02, 3.02340637e+02, 6.54394403e-02,
       0., 0., 0., 4.02193451e+02, 2.75713074e+02, 4.74321961e-01,
       4.33328552e+02, 2.60173920e+02, 9.21311229e-02, 0., 0., 0.,
       3.75538513e+02, 1.78044022e+02, 8.18464935e-01, 3.82293945e+02,
       1.73619919e+02, 8.86951149e-01, 3.64572144e+02, 1.84720245e+02,
       5.45786738e-01, 3.97717957e+02, 1.80297226e+02, 7.81133354e-01,
       0., 0., 0., 0., 0., 0., 0., 0., 0., 0., 0., 0., 0., 0., 0., 0.,
       0., 0., 0., 0., 0., 2.57959381e+02, 2.42442902e+02,
       9.24052715e-01, 2.86803009e+02, 2.55632477e+02, 8.65386307e-01,
       2.91173340e+02, 2.93445984e+02, 8.49345803e-01, 2.75657227e+02,
       3.04536896e+02, 5.79878464e-02, 2.35690796e+02, 2.37934738e+02,
       8.99457693e-01, 1.91364105e+02, 2.62383667e+02, 8.17490518e-01,
       1.75871689e+02, 2.93514252e+02, 7.49382138e-01, 2.31324768e+02,
       3.11149292e+02, 7.80043364e-01, 2.53482895e+02, 3.15625732e+02,
       7.60526776e-01, 2.93462189e+02, 3.62355835e+02, 7.18398213e-01,
       2.53532440e+02, 4.08908325e+02, 5.53024173e-01, 2.11325165e+02,
       3.06741241e+02, 7.17261910e-01, 0., 0., 0., 0., 0., 0., 0., 0.,
       0., 0., 0., 0., 2.86773376e+02, 2.26849991e+02, 6.94917500e-01,
       2.58056671e+02, 2.20225204e+02, 4.82823044e-01, 0., 0., 0., 0.,
       0., 0., 0., 0., 0., 2.71255280e+02, 4.17826965e+02,
       2.56287813e-01, 2.64609070e+02, 4.20041626e+02, 3.12105805e-01,
       2.40223282e+02, 4.13264465e+02, 4.94538993e-01 ]
