%YAML:1.0
---
pose_0: !!opencv-matrix
   rows: 2
   cols: 25
   dt: "3f"
   data: [ 3.96681091e+02, 4.12346130e+02, 8.05897474e-01,
       3.96638458e+02, 4.34666931e+02, 8.47282052e-01, 3.76475769e+02,
       4.30179962e+02, 8.01898360e-01, 3.65269440e+02, 4.52607086e+02,
       6.77671552e-01, 3.67570190e+02, 4.72660370e+02, 4.16818678e-01,
       4.12349670e+02, 4.36870117e+02, 8.50686491e-01, 4.25720093e+02,
       4.57149963e+02, 8.33026707e-01, 4.16740601e+02, 4.75059906e+02,
       6.61940157e-01, 3.92162903e+02, 4.75033936e+02, 8.20339978e-01,
       3.83094757e+02, 4.74973114e+02, 8.61142933e-01, 3.65366760e+02,
       5.01820984e+02, 6.88213348e-01, 3.65378296e+02, 5.57752625e+02,
       4.54188645e-01, 4.03421631e+02, 4.75076050e+02, 8.39938998e-01,
       4.01117462e+02, 5.08536499e+02, 7.91446924e-01, 4.10111237e+02,
       5.53307373e+02, 6.74283087e-01, 3.92169678e+02, 4.05636749e+02,
       7.96151876e-01, 4.01105408e+02, 4.07858582e+02, 8.67283642e-01,
       3.85539917e+02, 4.07853088e+02, 5.64480901e-01, 4.03469757e+02,
       4.14510071e+02, 7.84762681e-01, 4.03456909e+02, 5.71213135e+02,
       4.71949875e-01, 4.16774628e+02, 5.66732422e+02, 4.98411983e-01,
       4.12337433e+02, 5.60014893e+02, 5.26271403e-01, 3.67532074e+02,
       5.80107300e+02, 3.29518914e-01, 3.63008301e+02, 5.75705872e+02,
       3.36870790e-01, 3.69792847e+02, 5.62265930e+02, 3.52038383e-01,
       2.17543076e+02, 4.18988770e+02, 6.40834689e-01, 2.19800705e+02,
       4.34647797e+02, 6.64794862e-01, 2.04121490e+02, 4.34645447e+02,
       6.84918523e-01, 1.86287674e+02, 4.54773071e+02, 6.51065946e-01,
       1.92949097e+02, 4.61539520e+02, 4.68101978e-01, 2.31059418e+02,
       4.34669586e+02, 6.30793273e-01, 2.44473434e+02, 4.43628601e+02,
       3.67072523e-01, 2.26606476e+02, 4.63741364e+02, 3.10147762e-01,
       2.10900787e+02, 4.74991730e+02, 6.36071920e-01, 2.04078156e+02,
       4.74931091e+02, 6.57886982e-01, 1.88558105e+02, 5.06264679e+02,
       3.62715006e-01, 1.90724655e+02, 5.44325378e+02, 2.76876986e-01,
       2.24229950e+02, 4.75002197e+02, 6.72177374e-01, 2.22132141e+02,
       4.88356781e+02, 6.59824729e-01, 2.04139267e+02, 5.30979614e+02,
       5.27197182e-01, 2.10900543e+02, 4.16745880e+02, 5.72935402e-01,
       2.21928177e+02, 4.16740692e+02, 6.73554301e-01, 2.08624161e+02,
       4.18939026e+02, 3.06570798e-01, 2.24260727e+02, 4.18905212e+02,
       5.75334549e-01, 1.99690247e+02, 5.42101868e+02, 2.76770890e-01,
       2.04125641e+02, 5.44344116e+02, 2.99848646e-01, 2.01964645e+02,
       5.35400085e+02, 3.60197186e-01, 1.92983215e+02, 5.55532959e+02,
       1.79069132e-01, 0., 0., 0., 1.92964218e+02, 5.46651062e+02,
       1.96439534e-01 ]
