%YAML:1.0
---
hand_left_0: !!opencv-matrix
   rows: 3
   cols: 21
   dt: "3f"
   data: [ 3.36037567e+02, 4.49706024e+02, 4.00164425e-02,
       3.41974426e+02, 4.30149323e+02, 2.74512041e-02, 3.41625183e+02,
       4.28403198e+02, 3.54362205e-02, 3.33127319e+02, 4.39345642e+02,
       3.70635167e-02, 3.32312469e+02, 4.44001984e+02, 2.80642789e-02,
       3.45583099e+02, 4.34456451e+02, 1.64238766e-01, 3.42672882e+02,
       4.32011871e+02, 1.15420587e-01, 3.34175018e+02, 4.40626129e+02,
       1.59673616e-01, 3.33127319e+02, 4.44118408e+02, 2.05272570e-01,
       3.46980011e+02, 4.36551819e+02, 2.91467160e-01, 3.39762634e+02,
       4.37599487e+02, 1.46380723e-01, 3.36386780e+02, 4.44001984e+02,
       1.62362754e-01, 3.35571930e+02, 4.45864532e+02, 1.86752498e-01,
       3.46863586e+02, 4.39811249e+02, 2.13541478e-01, 3.42440063e+02,
       4.42255859e+02, 3.41103971e-01, 3.39646240e+02, 4.45631714e+02,
       3.84756893e-01, 3.37900116e+02, 4.47145020e+02, 4.26961720e-01,
       3.45466675e+02, 4.43419952e+02, 4.06393051e-01, 3.44302582e+02,
       4.45864532e+02, 3.81465316e-01, 3.41974426e+02, 4.47843475e+02,
       4.52704012e-01, 3.40577515e+02, 4.49007568e+02, 4.10528332e-01,
       2.05805450e+02, 5.11572662e+02, 2.30554137e-02, 2.10457870e+02,
       5.07970764e+02, 1.02987401e-01, 2.12859131e+02, 5.03468414e+02,
       1.86872020e-01, 2.15110306e+02, 5.01217255e+02, 2.47108608e-01,
       2.18712189e+02, 5.02718018e+02, 1.36458635e-01, 2.14810150e+02,
       5.09171387e+02, 4.96580228e-02, 2.11808578e+02, 5.05569519e+02,
       3.24749425e-02, 2.17211395e+02, 5.12773254e+02, 5.02959378e-02,
       2.19312500e+02, 5.12623230e+02, 4.70739789e-02, 2.12859131e+02,
       5.12473145e+02, 4.54702489e-02, 2.14660065e+02, 5.10372009e+02,
       3.67385522e-02, 2.16611084e+02, 5.11422577e+02, 3.37721556e-02,
       2.17361481e+02, 5.10972351e+02, 1.96958631e-02, 2.15110306e+02,
       5.12623230e+02, 2.56709717e-02, 2.13309372e+02, 5.12623230e+02,
       3.41244303e-02, 2.15410461e+02, 5.14424133e+02, 2.66006831e-02,
       2.16911240e+02, 5.11422577e+02, 1.94068756e-02, 2.17811722e+02,
       5.13673767e+02, 2.43628975e-02, 2.13309372e+02, 5.16225098e+02,
       1.81687269e-02, 2.17061325e+02, 5.13973877e+02, 4.13705483e-02,
       2.17361481e+02, 5.13523682e+02, 2.17224751e-02, 4.69232727e+02,
       5.36263184e+02, 2.14825608e-02, 4.68259186e+02, 5.32734131e+02,
       5.61335199e-02, 4.68867645e+02, 5.31273865e+02, 2.36078978e-01,
       4.63026520e+02, 5.30056946e+02, 2.39030346e-01, 4.59740906e+02,
       5.28353333e+02, 5.28288245e-01, 4.68624268e+02, 5.32004028e+02,
       1.58336028e-01, 4.59254150e+02, 5.39427124e+02, 8.14416334e-02,
       4.59375824e+02, 5.38210205e+02, 1.32955968e-01, 4.60105957e+02,
       5.37723450e+02, 9.31759626e-02, 4.68137512e+02, 5.36019775e+02,
       4.38438021e-02, 4.63269897e+02, 5.40157227e+02, 9.76542905e-02,
       4.60227661e+02, 5.40400635e+02, 1.71803981e-01, 4.60471039e+02,
       5.39305420e+02, 1.28695294e-01, 4.67042297e+02, 5.43564575e+02,
       6.29672483e-02, 4.67042297e+02, 5.43442871e+02, 1.20192856e-01,
       4.62539764e+02, 5.42347656e+02, 1.26040444e-01, 4.62783142e+02,
       5.40887390e+02, 1.33870006e-01, 4.68989319e+02, 5.43321167e+02,
       1.56856969e-01, 4.68259186e+02, 5.44051331e+02, 1.70718238e-01,
       4.64973572e+02, 5.44051331e+02, 1.48164853e-01, 4.65338623e+02,
       5.42956116e+02, 1.37425885e-01 ]
