%YAML:1.0
---
pose_0: !!opencv-matrix
   rows: 4
   cols: 25
   dt: "3f"
   data: [ 3.65114807e+02, 3.75993469e+02, 8.89478683e-01,
       3.93387329e+02, 3.93423615e+02, 9.01560187e-01, 3.73821350e+02,
       3.97817108e+02, 7.87527084e-01, 3.65097534e+02, 4.32755859e+02,
       1.71106622e-01, 0., 0., 0., 4.10872772e+02, 3.91179749e+02,
       8.98098171e-01, 4.13182098e+02, 4.26199341e+02, 7.81770110e-01,
       3.80369873e+02, 4.19604706e+02, 7.78409600e-01, 4.06547394e+02,
       4.65497040e+02, 4.89757329e-01, 3.91231750e+02, 4.65508179e+02,
       4.81707573e-01, 4.10933289e+02, 5.13501099e+02, 6.62313700e-02,
       0., 0., 0., 4.21783112e+02, 4.63352325e+02, 5.18594265e-01,
       4.28346924e+02, 5.13492981e+02, 1.82437226e-01, 4.45805450e+02,
       5.65918701e+02, 1.48434848e-01, 3.60761139e+02, 3.73755341e+02,
       6.81499243e-01, 3.71558929e+02, 3.71598175e+02, 8.60508621e-01,
       0., 0., 0., 3.84749939e+02, 3.65034515e+02, 7.94337273e-01,
       4.50208801e+02, 5.96466980e+02, 1.03199288e-01, 4.56746735e+02,
       5.98636292e+02, 1.11056842e-01, 4.45785065e+02, 5.65910400e+02,
       1.10884577e-01, 0., 0., 0., 0., 0., 0., 0., 0., 0.,
       4.43742401e+02, 3.23546204e+02, 8.80259812e-01, 4.63420807e+02,
       3.54080200e+02, 7.41234422e-01, 4.45855743e+02, 3.56362091e+02,
       7.34192967e-01, 4.43571777e+02, 3.93499512e+02, 2.42725953e-01,
       4.41455048e+02, 4.02211639e+02, 1.92926422e-01, 4.82994110e+02,
       3.45436951e+02, 7.56075442e-01, 5.11309235e+02, 3.93444061e+02,
       7.17094302e-01, 4.63340851e+02, 3.97833099e+02, 4.53804821e-01,
       4.74240936e+02, 4.28428345e+02, 4.26358551e-01, 4.56730957e+02,
       4.28456238e+02, 4.01738197e-01, 4.61125946e+02, 5.13517456e+02,
       1.11684926e-01, 4.67693237e+02, 5.83357422e+02, 5.85903861e-02,
       4.93847382e+02, 4.28339294e+02, 4.52879161e-01, 5.00439301e+02,
       5.06981659e+02, 1.52727753e-01, 5.15709534e+02, 5.94291565e+02,
       7.74029568e-02, 4.41419159e+02, 3.21432068e+02, 7.87970662e-01,
       4.45856201e+02, 3.19215607e+02, 8.31980348e-01, 4.41377075e+02,
       3.25740784e+02, 1.78106353e-01, 4.58986542e+02, 3.19152283e+02,
       6.87103748e-01, 5.09139587e+02, 6.16072815e+02, 5.49454913e-02,
       5.11329773e+02, 6.18251587e+02, 6.17276803e-02, 5.15700623e+02,
       5.98649902e+02, 5.75558133e-02, 0., 0., 0., 0., 0., 0., 0., 0.,
       0., 1.48979034e+02, 4.43592743e+02, 7.92740226e-01,
       1.29323242e+02, 4.61106750e+02, 8.74460995e-01, 1.11756721e+02,
       4.58858826e+02, 7.92088985e-01, 9.43843689e+01, 4.95955811e+02,
       5.19238293e-01, 9.00300446e+01, 5.30986023e+02, 2.91400343e-01,
       1.48883682e+02, 4.63277069e+02, 8.32629085e-01, 1.46751923e+02,
       4.96112549e+02, 7.74755478e-01, 1.51095123e+02, 5.17951904e+02,
       6.83950186e-01, 1.14130394e+02, 5.31064575e+02, 8.44728708e-01,
       9.88214874e+01, 5.31035095e+02, 8.03791046e-01, 1.00906517e+02,
       5.83264954e+02, 8.50795746e-01, 7.69710312e+01, 6.20515381e+02,
       7.79530048e-01, 1.31491486e+02, 5.33118958e+02, 8.71170819e-01,
       1.49022675e+02, 5.78957825e+02, 8.67635429e-01, 1.27158562e+02,
       6.31436279e+02, 8.59812021e-01, 1.46785828e+02, 4.34931671e+02,
       7.49405980e-01, 1.51194778e+02, 4.39254944e+02, 6.11989141e-01,
       1.31431229e+02, 4.30532318e+02, 7.59385109e-01, 0., 0., 0.,
       1.46700562e+02, 6.44541321e+02, 7.66090035e-01, 1.46710434e+02,
       6.38032532e+02, 8.20090532e-01, 1.16224312e+02, 6.35709167e+02,
       7.55134642e-01, 8.99615784e+01, 6.37927612e+02, 4.91591752e-01,
       7.90234451e+01, 6.35767700e+02, 4.80017781e-01, 7.68818207e+01,
       6.22645752e+02, 5.38405120e-01, 2.53791428e+02, 3.89051666e+02,
       6.52405500e-01, 2.29748123e+02, 4.10987030e+02, 7.81474769e-01,
       2.10086502e+02, 4.10913269e+02, 7.46885777e-01, 2.01312561e+02,
       4.65510590e+02, 8.24504197e-01, 2.36336365e+02, 4.83040344e+02,
       8.40491951e-01, 2.49381287e+02, 4.13110931e+02, 7.21322596e-01,
       2.49380020e+02, 4.61117737e+02, 5.39762914e-01, 2.64604187e+02,
       4.78656830e+02, 4.59861457e-01, 2.10048462e+02, 4.96054108e+02,
       7.32196331e-01, 1.94756546e+02, 4.96061035e+02, 7.36283898e-01,
       2.51507843e+02, 5.13561951e+02, 8.59561622e-01, 2.14387848e+02,
       5.96444458e+02, 7.55349576e-01, 2.23217682e+02, 4.96026276e+02,
       6.84775651e-01, 2.84270813e+02, 5.13581909e+02, 7.91853189e-01,
       2.84261719e+02, 5.87716003e+02, 7.39337564e-01, 2.51558273e+02,
       3.78208252e+02, 6.52608156e-01, 2.55960785e+02, 3.80363373e+02,
       4.04849529e-01, 2.34148697e+02, 3.76097382e+02, 7.00432539e-01,
       0., 0., 0., 3.17039917e+02, 6.03096558e+02, 6.37267709e-01,
       3.19208038e+02, 6.00781921e+02, 6.19671583e-01, 2.71251984e+02,
       5.98595581e+02, 5.84145606e-01, 2.40608444e+02, 6.13891724e+02,
       6.61838233e-01, 2.29676071e+02, 6.16071838e+02, 6.27927661e-01,
       2.01304672e+02, 6.00816650e+02, 6.66286826e-01 ]
