%YAML:1.0
---
hand_right_0: !!opencv-matrix
   rows: 6
   cols: 21
   dt: "3f"
   data: [ 2.66852966e+02, 2.95045380e+02, 7.65984878e-02,
       2.74208282e+02, 2.94762482e+02, 1.24547049e-01, 2.92030762e+02,
       3.00137512e+02, 4.26706485e-02, 2.97688690e+02, 2.87690063e+02,
       2.49557272e-02, 3.06741364e+02, 2.83446625e+02, 2.00743582e-02,
       2.95708405e+02, 2.85426880e+02, 8.77370015e-02, 3.00234741e+02,
       2.86841370e+02, 5.63723929e-02, 3.10984802e+02, 3.02683563e+02,
       5.17516807e-02, 3.13247986e+02, 3.03815155e+02, 6.48030341e-02,
       2.95425507e+02, 2.87407166e+02, 9.64510292e-02, 3.00800537e+02,
       2.91084808e+02, 5.22959344e-02, 3.12116394e+02, 3.01269073e+02,
       7.69177228e-02, 3.15511139e+02, 3.03815155e+02, 7.35440478e-02,
       2.94011017e+02, 2.92216400e+02, 9.39715654e-02, 3.02780823e+02,
       2.95611145e+02, 5.01491502e-02, 3.11267700e+02, 3.00986176e+02,
       8.37959275e-02, 3.14379578e+02, 3.03815155e+02, 1.09414838e-01,
       2.93445251e+02, 2.98723022e+02, 1.22819036e-01, 2.98254486e+02,
       2.99005920e+02, 5.84587231e-02, 3.06458466e+02, 3.00986176e+02,
       6.18342981e-02, 3.12116394e+02, 3.04663849e+02, 3.84415314e-02,
       0., 0., 0., 0., 0., 0., 0., 0., 0., 0., 0., 0., 0., 0., 0., 0.,
       0., 0., 0., 0., 0., 0., 0., 0., 0., 0., 0., 0., 0., 0., 0., 0.,
       0., 0., 0., 0., 0., 0., 0., 0., 0., 0., 0., 0., 0., 0., 0., 0.,
       0., 0., 0., 0., 0., 0., 0., 0., 0., 0., 0., 0., 0., 0., 0.,
       3.58105042e+02, 1.94869781e+02, 1.84058137e-02, 3.68799774e+02,
       1.86678070e+02, 2.38439348e-02, 3.69482422e+02, 1.87360703e+02,
       3.73552069e-02, 3.69709961e+02, 1.77348618e+02, 3.63461636e-02,
       3.70620148e+02, 1.77576157e+02, 1.43771889e-02, 3.68344696e+02,
       1.89863739e+02, 1.82018168e-02, 3.70165070e+02, 1.88270905e+02,
       2.34184377e-02, 3.72668091e+02, 1.86678070e+02, 1.67371351e-02,
       3.61518250e+02, 2.00558472e+02, 4.88004694e-03, 3.69254883e+02,
       1.89863739e+02, 6.46603806e-03, 3.68572235e+02, 1.88270905e+02,
       6.90826681e-03, 3.71757904e+02, 1.90318832e+02, 4.17348696e-03,
       3.68344696e+02, 1.86678070e+02, 1.80706102e-03, 3.69027313e+02,
       1.89636185e+02, 5.06147649e-03, 3.61518250e+02, 2.00103378e+02,
       2.93500721e-03, 3.61290710e+02, 1.99875824e+02, 4.37847432e-03,
       3.77674133e+02, 2.01013565e+02, 2.47800327e-03, 3.59925415e+02,
       1.99648270e+02, 5.90336043e-03, 3.60835602e+02, 2.00558472e+02,
       6.56149304e-03, 3.60835602e+02, 2.00558472e+02, 5.70471119e-03,
       3.59242798e+02, 1.99648270e+02, 3.22861760e-03, 4.83839417e+02,
       2.09722794e+02, 1.73156429e-02, 5.16149719e+02, 2.28467697e+02,
       1.29285213e-02, 5.15163147e+02, 2.27727768e+02, 1.62238665e-02,
       5.13929932e+02, 2.27727768e+02, 3.14803459e-02, 5.03570892e+02,
       2.23288177e+02, 3.81458849e-02, 5.08010468e+02, 2.31180771e+02,
       2.73267459e-02, 5.08503754e+02, 2.28960983e+02, 3.34510393e-02,
       5.06037323e+02, 2.27727768e+02, 3.86975929e-02, 5.01844391e+02,
       2.23041534e+02, 3.21888626e-02, 5.09736969e+02, 2.30934128e+02,
       1.84038822e-02, 5.08997040e+02, 2.29947556e+02, 3.12659256e-02,
       5.02337677e+02, 2.23781464e+02, 5.56822792e-02, 5.01104462e+02,
       2.21315033e+02, 5.70247173e-02, 5.10476898e+02, 2.33153915e+02,
       1.29558966e-02, 5.07517181e+02, 2.28467697e+02, 2.43217144e-02,
       5.02337677e+02, 2.24028107e+02, 4.46198955e-02, 5.02091034e+02,
       2.22301605e+02, 4.37688120e-02, 5.14916504e+02, 2.37346863e+02,
       1.16415014e-02, 4.90992065e+02, 2.18108673e+02, 2.05171537e-02,
       4.90252136e+02, 2.18108673e+02, 3.32760215e-02, 5.05297394e+02,
       2.37346863e+02, 2.20792945e-02, 0., 0., 0., 0., 0., 0., 0., 0.,
       0., 0., 0., 0., 0., 0., 0., 0., 0., 0., 0., 0., 0., 0., 0., 0.,
       0., 0., 0., 0., 0., 0., 0., 0., 0., 0., 0., 0., 0., 0., 0., 0.,
       0., 0., 0., 0., 0., 0., 0., 0., 0., 0., 0., 0., 0., 0., 0., 0.,
       0., 0., 0., 0., 0., 0., 0., 2.10890289e+02, 1.64649246e+02,
       6.62863031e-02, 2.14874176e+02, 1.57677444e+02, 4.66162674e-02,
       2.30560730e+02, 1.53195572e+02, 3.68781611e-02, 2.31307709e+02,
       1.50954636e+02, 1.97349098e-02, 2.37532532e+02, 1.53942551e+02,
       1.65887140e-02, 2.31556702e+02, 1.46721756e+02, 5.75946718e-02,
       2.39275482e+02, 1.41492889e+02, 4.13659476e-02, 2.44006348e+02,
       1.37260010e+02, 3.48121971e-02, 2.38279510e+02, 1.52946579e+02,
       1.89835392e-02, 2.33299652e+02, 1.49211685e+02, 7.94240832e-02,
       2.38030518e+02, 1.47966721e+02, 5.72963506e-02, 2.38777496e+02,
       1.52946579e+02, 3.91569026e-02, 2.37532532e+02, 1.55685501e+02,
       2.48513054e-02, 2.30311737e+02, 1.53693558e+02, 8.96637738e-02,
       2.39524475e+02, 1.57179459e+02, 7.23463297e-02, 2.39275482e+02,
       1.58922409e+02, 5.86105995e-02, 2.36536560e+02, 1.62906296e+02,
       3.23082209e-02, 2.29813751e+02, 1.59918381e+02, 1.46182314e-01,
       2.37532532e+02, 1.60167374e+02, 8.21636617e-02, 2.37532532e+02,
       1.62906296e+02, 1.00745410e-01, 2.35789581e+02, 1.64400253e+02,
       6.95733652e-02 ]
